Codice_Comune,Comuni,Totale_Maschi,Totale_Femmine,Totale
84001,Agrigento,28639,29634,58273
84002,Alessandria della Rocca,1312,1405,2717
84003,Aragona,4474,4721,9195
84004,Bivona,1656,1782,3438
84005,Burgio,1256,1330,2586
84006,Calamonaci,619,651,1270
84007,Caltabellotta,1623,1797,3420
84008,Camastra,976,1036,2012
84009,Cammarata,3024,3024,6048
84010,Campobello di Licata,4674,4942,9616
84011,Canicatt 'ec,17194,18336,35530
84012,Casteltermini,3710,4028,7738
84013,Castrofilippo,1307,1479,2786
84014,Cattolica Eraclea,1703,1788,3491
84015,Cianciana,1572,1750,3322
84016,Comitini,434,462,896
84017,Favara,15404,16347,31751
84018,Grotte,2570,2896,5466
84019,Joppolo Giancaxio,551,600,1151
84020,Lampedusa e Linosa,3376,3118,6494
84021,Licata,17771,18342,36113
84022,Lucca Sicula,846,906,1752
84023,Menfi,5943,6319,12262
84024,Montallegro,1216,1268,2484
84025,Montevago,1406,1470,2876
84026,Naro,3521,3825,7346
84027,Palma di Montechiaro,10626,11636,22262
84028,Porto Empedocle,7999,8301,16300
84029,Racalmuto,3853,4090,7943
84030,Raffadali,6037,6513,12550
84031,Ravanusa,5385,5723,11108
84032,Realmonte,2205,2280,4485
84033,Ribera,8886,9606,18492
84034,Sambuca di Sicilia,2838,2842,5680
84035,San Biagio Platani,1448,1640,3088
84036,San Giovanni Gemini,3892,3924,7816
84037,Santa Elisabetta,1099,1168,2267
84038,Santa Margherita di Belice,3025,3232,6257
84039,Sant'Angelo Muxaro,593,648,1241
84040,Santo Stefano Quisquina,2085,2252,4337
84041,Sciacca,19473,20595,40068
84042,Siculiana,2117,2196,4313
84043,Villafranca Sicula,658,713,1371
6001,Acqui Terme,9196,10536,19732
6002,Albera Ligure,161,132,293
6003,Alessandria,45198,48436,93634
6004,Alfiano Natta,375,367,742
6005,Alice Bel Colle,394,338,732
6007,Altavilla Monferrato,230,194,424
6008,Alzano Scrivia,188,176,364
6009,Arquata Scrivia,3091,3276,6367
6010,Avolasca,130,132,262
6011,Balzola,654,681,1335
6012,Basaluzzo,1047,1021,2068
6013,Bassignana,788,854,1642
6014,Belforte Monferrato,259,243,502
6015,Bergamasco,348,360,708
6016,Berzano di Tortona,78,78,156
6017,Bistagno,905,905,1810
6018,Borghetto di Borbera,988,963,1951
6019,Borgoratto Alessandrino,266,292,558
6020,Borgo San Martino,680,704,1384
6021,Bosco Marengo,1178,1133,2311
6022,Bosio,597,561,1158
6023,Bozzole,173,153,326
6024,Brignano-Frascata,224,209,433
6025,Cabella Ligure,255,226,481
6026,Camagna Monferrato,236,242,478
6027,Camino,372,361,733
6028,Cantalupo Ligure,224,227,451
6029,Capriata d'Orba,899,936,1835
6030,Carbonara Scrivia,559,567,1126
6031,Carentino,166,144,310
6032,Carezzano,199,227,426
6033,Carpeneto,472,459,931
6034,Carrega Ligure,51,34,85
6035,Carrosio,263,239,502
6036,Cartosio,348,378,726
6037,Casal Cermelli,579,612,1191
6038,Casaleggio Boiro,190,182,372
6039,Casale Monferrato,15885,17707,33592
6040,Casalnoceto,487,497,984
6041,Casasco,61,58,119
6043,Cassine,1474,1469,2943
6044,Cassinelle,444,406,850
6045,Castellania,44,44,88
6046,Castellar Guidobono,207,193,400
6047,Castellazzo Bormida,2172,2282,4454
6048,Castelletto d'Erro,67,74,141
6049,Castelletto d'Orba,956,969,1925
6050,Castelletto Merli,224,236,460
6051,Castelletto Monferrato,740,733,1473
6052,Castelnuovo Bormida,307,329,636
6053,Castelnuovo Scrivia,2457,2576,5033
6054,Castelspina,196,216,412
6055,Cavatore,121,144,265
6056,Cella Monte,251,244,495
6057,Cereseto,205,200,405
6058,Cerreto Grue,150,150,300
6059,Cerrina Monferrato,654,693,1347
6060,Coniolo,224,216,440
6061,Conzano,479,476,955
6062,Costa Vescovato,166,157,323
6063,Cremolino,523,513,1036
6065,Denice,85,85,170
6066,Dernice,90,94,184
6067,Fabbrica Curone,285,308,593
6068,Felizzano,1083,1127,2210
6069,Fraconalto,166,145,311
6070,Francavilla Bisio,253,257,510
6071,Frascaro,211,229,440
6072,Frassinello Monferrato,234,256,490
6073,Frassineto Po,662,716,1378
6074,Fresonara,336,316,652
6075,Frugarolo,935,993,1928
6076,Fubine Monferrato,772,827,1599
6077,Gabiano,545,507,1052
6078,Gamalero,388,428,816
6079,Garbagna,327,325,652
6081,Gavi,2216,2243,4459
6082,Giarole,320,366,686
6083,Gremiasco,153,149,302
6084,Grognardo,132,111,243
6085,Grondona,232,247,479
6086,Guazzora,151,152,303
6087,Isola Sant'Antonio,345,314,659
6088,Lerma,394,423,817
6090,Malvicino,33,45,78
6091,Masio,675,643,1318
6092,Melazzo,636,658,1294
6093,Merana,95,86,181
6094,Mirabello Monferrato,628,634,1262
6095,Molare,1015,1089,2104
6096,Molino dei Torti,317,272,589
6097,Mombello Monferrato,466,489,955
6098,Momperone,109,90,199
6099,Moncestino,86,104,190
6100,Mongiardino Ligure,80,69,149
6101,Monleale,278,284,562
6102,Montacuto,133,118,251
6103,Montaldeo,116,121,237
6104,Montaldo Bormida,316,303,619
6105,Montecastello,155,152,307
6106,Montechiaro d'Acqui,276,256,532
6107,Montegioco,159,134,293
6108,Montemarzino,153,151,304
6109,Morano sul Po,674,711,1385
6110,Morbello,219,198,417
6111,Mornese,339,372,711
6112,Morsasco,305,322,627
6113,Murisengo,648,695,1343
6114,Novi Ligure,13548,14707,28255
6115,Occimiano,622,648,1270
6116,Odalengo Grande,217,221,438
6117,Odalengo Piccolo,123,116,239
6118,Olivola,58,59,117
6119,Orsara Bormida,211,204,415
6120,Ottiglio,318,298,616
6121,Ovada,5330,5889,11219
6122,Oviglio,583,615,1198
6123,Ozzano Monferrato,690,692,1382
6124,Paderna,105,95,200
6125,Pareto,295,244,539
6126,Parodi Ligure,340,301,641
6127,Pasturana,607,664,1271
6128,Pecetto di Valenza,590,597,1187
6129,Pietra Marazzi,437,458,895
6131,Pomaro Monferrato,175,159,334
6132,Pontecurone,1770,1761,3531
6133,Pontestura,673,702,1375
6134,Ponti,298,280,578
6135,Ponzano Monferrato,159,170,329
6136,Ponzone,531,481,1012
6137,Pozzol Groppo,152,144,296
6138,Pozzolo Formigaro,2292,2320,4612
6139,Prasco,243,243,486
6140,Predosa,956,998,1954
6141,Quargnento,665,717,1382
6142,Quattordio,764,800,1564
6143,Ricaldone,336,304,640
6144,Rivalta Bormida,685,703,1388
6145,Rivarone,230,172,402
6146,Roccaforte Ligure,76,49,125
6147,Rocca Grimalda,771,713,1484
6148,Rocchetta Ligure,117,98,215
6149,Rosignano Monferrato,727,771,1498
6150,Sala Monferrato,158,166,324
6151,Sale,1947,2047,3994
6152,San Cristoforo,276,292,568
6153,San Giorgio Monferrato,589,618,1207
6154,San Salvatore Monferrato,2067,2112,4179
6155,San Sebastiano Curone,265,306,571
6156,Sant'Agata Fossili,184,200,384
6157,Sardigliano,194,200,394
6158,Sarezzano,576,581,1157
6159,Serralunga di Crea,263,260,523
6160,Serravalle Scrivia,2957,3017,5974
6161,Sezzadio,614,650,1264
6162,Silvano d'Orba,944,967,1911
6163,Solero,800,834,1634
6164,Solonghello,103,106,209
6165,Spigno Monferrato,486,490,976
6166,Spineto Scrivia,181,178,359
6167,Stazzano,1172,1215,2387
6168,Strevi,951,959,1910
6169,Tagliolo Monferrato,775,763,1538
6170,Tassarolo,324,293,617
6171,Terruggia,435,487,922
6172,Terzo,444,410,854
6173,Ticineto,649,692,1341
6174,Tortona,13044,14204,27248
6175,Treville,135,141,276
6176,Trisobbio,329,347,676
6177,Valenza,8832,9842,18674
6178,Valmacca,464,518,982
6179,Vignale Monferrato,452,507,959
6180,Vignole Borbera,1011,1050,2061
6181,Viguzzolo,1551,1560,3111
6182,Villadeati,242,237,479
6183,Villalvernia,438,458,896
6184,Villamiroglio,154,146,300
6185,Villanova Monferrato,859,945,1804
6186,Villaromagnano,336,326,662
6187,Visone,628,579,1207
6188,Volpedo,576,610,1186
6189,Volpeglino,70,63,133
6190,Voltaggio,350,359,709
6191,Cassano Spinola,906,961,1867
6192,Alluvioni Piovera,815,874,1689
6193,Lu e Cuccaro Monferrato,668,711,1379
42001,Agugliano,2350,2441,4791
42002,Ancona,48184,52098,100282
42003,Arcevia,2104,2221,4325
42004,Barbara,653,650,1303
42005,Belvedere Ostrense,1069,1077,2146
42006,Camerano,3520,3654,7174
42007,Camerata Picena,1278,1269,2547
42008,Castelbellino,2429,2613,5042
42010,Castelfidardo,9143,9515,18658
42011,Castelleone di Suasa,792,800,1592
42012,Castelplanio,1731,1783,3514
42013,Cerreto d'Esi,1758,1786,3544
42014,Chiaravalle,6907,7763,14670
42015,Corinaldo,2384,2505,4889
42016,Cupramontana,2204,2281,4485
42017,Fabriano,14468,15699,30167
42018,Falconara Marittima,12458,13454,25912
42019,Filottrano,4562,4660,9222
42020,Genga,820,879,1699
42021,Jesi,19147,20848,39995
42022,Loreto,6224,6689,12913
42023,Maiolati Spontini,2972,3219,6191
42024,Mergo,497,519,1016
42025,Monsano,1621,1705,3326
42026,Montecarotto,907,979,1886
42027,Montemarciano,4901,5001,9902
42029,Monte Roberto,1501,1567,3068
42030,Monte San Vito,3342,3483,6825
42031,Morro d'Alba,901,925,1826
42032,Numana,1897,1883,3780
42033,Offagna,1014,1025,2039
42034,Osimo,17259,17896,35155
42035,Ostra,3185,3359,6544
42036,Ostra Vetere,1579,1599,3178
42037,Poggio San Marcello,328,332,660
42038,Polverigi,2310,2297,4607
42040,Rosora,955,993,1948
42041,San Marcello,982,1018,2000
42042,San Paolo di Jesi,444,479,923
42043,Santa Maria Nuova,2013,2096,4109
42044,Sassoferrato,3409,3582,6991
42045,Senigallia,21419,23240,44659
42046,Serra de' Conti,1851,1869,3720
42047,Serra San Quirico,1259,1412,2671
42048,Sirolo,1967,2134,4101
42049,Staffolo,1071,1121,2192
42050,Trecastelli,3769,3794,7563
51001,Anghiari,2687,2783,5470
51002,Arezzo,47697,51561,99258
51003,Badia Tedalda,550,480,1030
51004,Bibbiena,6000,6013,12013
51005,Bucine,4902,5099,10001
51006,Capolona,2574,2766,5340
51007,Caprese Michelangelo,675,724,1399
51008,Castel Focognano,1505,1520,3025
51010,Castel San Niccol 'f2,1273,1330,2603
51011,Castiglion Fibocchi,1078,1047,2125
51012,Castiglion Fiorentino,6542,6641,13183
51013,Cavriglia,4772,4766,9538
51014,Chitignano,446,461,907
51015,Chiusi della Verna,963,968,1931
51016,Civitella in Val di Chiana,4405,4527,8932
51017,Cortona,10510,11285,21795
51018,Foiano della Chiana,4606,4859,9465
51020,Loro Ciuffenna,2923,2937,5860
51021,Lucignano,1701,1771,3472
51022,Marciano della Chiana,1649,1765,3414
51023,Montemignaio,280,252,532
51024,Monterchi,852,866,1718
51025,Monte San Savino,4224,4502,8726
51026,Montevarchi,11976,12433,24409
51027,Ortignano Raggiolo,444,424,868
51030,Pieve Santo Stefano,1513,1547,3060
51031,Poppi,3066,3028,6094
51033,San Giovanni Valdarno,7958,8889,16847
51034,Sansepolcro,7611,8120,15731
51035,Sestino,626,630,1256
51037,Subbiano,3176,3218,6394
51038,Talla,531,468,999
51039,Terranuova Bracciolini,6046,6213,12259
51040,Castelfranco Piandisc 'f2,4882,5054,9936
51041,Pratovecchio Stia,2743,2837,5580
51042,Laterina Pergine Valdarno,3258,3338,6596
44001,Acquasanta Terme,1318,1317,2635
44002,Acquaviva Picena,1814,1887,3701
44005,Appignano del Tronto,830,892,1722
44006,Arquata del Tronto,535,524,1059
44007,Ascoli Piceno,22911,24644,47555
44010,Carassai,491,514,1005
44011,Castel di Lama,4242,4293,8535
44012,Castignano,1321,1361,2682
44013,Castorano,1140,1165,2305
44014,Colli del Tronto,1804,1857,3661
44015,Comunanza,1510,1510,3020
44016,Cossignano,429,471,900
44017,Cupra Marittima,2614,2794,5408
44020,Folignano,4508,4574,9082
44021,Force,616,612,1228
44023,Grottammare,7722,8402,16124
44027,Maltignano,1132,1164,2296
44029,Massignano,819,824,1643
44031,Monsampolo del Tronto,2284,2279,4563
44032,Montalto delle Marche,920,1061,1981
44034,Montedinove,283,223,506
44036,Montefiore dell'Aso,970,1031,2001
44038,Montegallo,245,218,463
44044,Montemonaco,277,281,558
44045,Monteprandone,6401,6480,12881
44054,Offida,2383,2510,4893
44056,Palmiano,79,92,171
44063,Ripatransone,2042,2100,4142
44064,Roccafluvione,994,966,1960
44065,Rotella,418,425,843
44066,San Benedetto del Tronto,22434,25099,47533
44071,Spinetoli,3596,3740,7336
44073,Venarotta,974,997,1971
5001,Agliano Terme,797,781,1578
5002,Albugnano,251,249,500
5003,Antignano,471,491,962
5004,Aramengo,284,283,567
5005,Asti,36256,39272,75528
5006,Azzano d'Asti,178,203,381
5007,Baldichieri d'Asti,565,592,1157
5008,Belveglio,162,166,328
5009,Berzano di San Pietro,220,189,409
5010,Bruno,153,156,309
5011,Bubbio,379,426,805
5012,Buttigliera d'Asti,1276,1251,2527
5013,Calamandrana,845,857,1702
5014,Calliano,651,636,1287
5015,Calosso,627,585,1212
5016,Camerano Casasco,209,205,414
5017,Canelli,5091,5301,10392
5018,Cantarana,497,502,999
5019,Capriglio,172,144,316
5020,Casorzo,283,318,601
5021,Cassinasco,303,296,599
5022,Castagnole delle Lanze,1801,1903,3704
5023,Castagnole Monferrato,585,586,1171
5024,Castel Boglione,328,266,594
5025,Castell'Alfero,1335,1343,2678
5026,Castellero,145,160,305
5027,Castelletto Molina,64,76,140
5028,Castello di Annone,976,895,1871
5029,Castelnuovo Belbo,400,426,826
5030,Castelnuovo Calcea,371,355,726
5031,Castelnuovo Don Bosco,1527,1599,3126
5032,Castel Rocchero,201,199,400
5033,Cellarengo,358,351,709
5034,Celle Enomondo,229,241,470
5035,Cerreto d'Asti,113,108,221
5036,Cerro Tanaro,297,297,594
5037,Cessole,182,186,368
5038,Chiusano d'Asti,112,117,229
5039,Cinaglio,219,231,450
5040,Cisterna d'Asti,616,606,1222
5041,Coazzolo,150,142,292
5042,Cocconato,730,724,1454
5044,Corsione,102,101,203
5045,Cortandone,147,161,308
5046,Cortanze,141,133,274
5047,Cortazzone,297,296,593
5048,Cortiglione,264,272,536
5049,Cossombrato,245,276,521
5050,Costigliole d'Asti,2859,2896,5755
5051,Cunico,225,227,452
5052,Dusino San Michele,549,523,1072
5053,Ferrere,765,768,1533
5054,Fontanile,273,278,551
5055,Frinco,369,362,731
5056,Grana,277,310,587
5057,Grazzano Badoglio,301,307,608
5058,Incisa Scapaccino,1077,1061,2138
5059,Isola d'Asti,988,1035,2023
5060,Loazzolo,162,159,321
5061,Maranzana,134,110,244
5062,Maretto,204,179,383
5063,Moasca,262,240,502
5064,Mombaldone,107,95,202
5065,Mombaruzzo,525,503,1028
5066,Mombercelli,1046,1080,2126
5067,Monale,505,496,1001
5068,Monastero Bormida,417,495,912
5069,Moncalvo,1358,1475,2833
5070,Moncucco Torinese,434,449,883
5071,Mongardino,431,443,874
5072,Montabone,159,162,321
5073,Montafia,477,458,935
5074,Montaldo Scarampi,348,392,740
5075,Montechiaro d'Asti,628,648,1276
5076,Montegrosso d'Asti,1163,1157,2320
5077,Montemagno,506,574,1080
5079,Moransengo,98,88,186
5080,Nizza Monferrato,4963,5365,10328
5081,Olmo Gentile,35,36,71
5082,Passerano Marmorito,221,199,420
5083,Penango,229,231,460
5084,Piea,283,276,559
5085,Pino d'Asti,110,106,216
5086,Piov 'e0 Massaia,294,294,588
5087,Portacomaro,982,1039,2021
5088,Quaranti,91,75,166
5089,Refrancore,757,805,1562
5090,Revigliasco d'Asti,386,393,779
5091,Roatto,186,188,374
5092,Robella,252,221,473
5093,Rocca d'Arazzo,453,448,901
5094,Roccaverano,205,177,382
5095,Rocchetta Palafea,178,169,347
5096,Rocchetta Tanaro,698,718,1416
5097,San Damiano d'Asti,4061,4160,8221
5098,San Giorgio Scarampi,58,48,106
5099,San Martino Alfieri,352,331,683
5100,San Marzano Oliveto,512,505,1017
5101,San Paolo Solbrito,601,608,1209
5103,Scurzolengo,272,267,539
5104,Serole,56,57,113
5105,Sessame,122,129,251
5106,Settime,269,261,530
5107,Soglio,80,72,152
5108,Tigliole,851,862,1713
5109,Tonco,403,393,796
5110,Tonengo,125,121,246
5111,Vaglio Serra,145,136,281
5112,Valfenera,1224,1194,2418
5113,Vesime,317,292,609
5114,Viale,122,119,241
5115,Viarigi,427,434,861
5116,Vigliano d'Asti,428,393,821
5117,Villafranca d'Asti,1465,1520,2985
5118,Villanova d'Asti,2743,2904,5647
5119,Villa San Secondo,181,206,387
5120,Vinchio,288,279,567
5121,Montiglio Monferrato,793,792,1585
64001,Aiello del Sabato,2018,2016,4034
64002,Altavilla Irpina,2026,2097,4123
64003,Andretta,839,926,1765
64004,Aquilonia,812,768,1580
64005,Ariano Irpino,10770,11225,21995
64006,Atripalda,5222,5567,10789
64007,Avella,3744,3944,7688
64008,Avellino,25188,28452,53640
64009,Bagnoli Irpino,1552,1559,3111
64010,Baiano,2237,2379,4616
64011,Bisaccia,1851,1868,3719
64012,Bonito,1153,1167,2320
64013,Cairano,142,155,297
64014,Calabritto,1131,1183,2314
64015,Calitri,2131,2322,4453
64016,Candida,568,537,1105
64017,Caposele,1657,1713,3370
64018,Capriglia Irpina,1174,1166,2340
64019,Carife,660,697,1357
64020,Casalbore,829,864,1693
64021,Cassano Irpino,459,459,918
64022,Castel Baronia,537,559,1096
64023,Castelfranci,932,992,1924
64024,Castelvetere sul Calore,776,788,1564
64025,Cervinara,4554,4746,9300
64026,Cesinali,1313,1318,2631
64027,Chianche,241,218,459
64028,Chiusano di San Domenico,1067,1111,2178
64029,Contrada,1552,1461,3013
64030,Conza della Campania,631,670,1301
64031,Domicella,935,927,1862
64032,Flumeri,1408,1448,2856
64033,Fontanarosa,1461,1507,2968
64034,Forino,2587,2681,5268
64035,Frigento,1739,1802,3541
64036,Gesualdo,1696,1722,3418
64037,Greci,303,324,627
64038,Grottaminarda,3896,4025,7921
64039,Grottolella,953,940,1893
64040,Guardia Lombardi,761,838,1599
64041,Lacedonia,1079,1091,2170
64042,Lapio,747,744,1491
64043,Lauro,1642,1787,3429
64044,Lioni,3001,3129,6130
64045,Luogosano,586,541,1127
64046,Manocalzati,1576,1571,3147
64047,Marzano di Nola,808,863,1671
64048,Melito Irpino,945,929,1874
64049,Mercogliano,5923,6195,12118
64050,Mirabella Eclano,3649,3748,7397
64051,Montaguto,185,188,373
64052,Montecalvo Irpino,1681,1821,3502
64053,Montefalcione,1583,1652,3235
64054,Monteforte Irpino,5998,5686,11684
64055,Montefredane,1060,1106,2166
64056,Montefusco,634,626,1260
64057,Montella,3687,3876,7563
64058,Montemarano,1359,1382,2741
64059,Montemiletto,2554,2621,5175
64060,Monteverde,370,370,740
64063,Morra De Sanctis,569,619,1188
64064,Moschiano,784,850,1634
64065,Mugnano del Cardinale,2620,2549,5169
64066,Nusco,1955,2113,4068
64067,Ospedaletto d'Alpinolo,1068,1082,2150
64068,Pago del Vallo di Lauro,865,896,1761
64069,Parolise,318,328,646
64070,Paternopoli,1124,1148,2272
64071,Petruro Irpino,147,142,289
64072,Pietradefusi,1056,1111,2167
64073,Pietrastornina,745,728,1473
64074,Prata di Principato Ultra,1459,1452,2911
64075,Pratola Serra,1826,1909,3735
64076,Quadrelle,929,952,1881
64077,Quindici,973,933,1906
64078,Roccabascerana,1159,1182,2341
64079,Rocca San Felice,408,410,818
64080,Rotondi,1815,1770,3585
64081,Salza Irpina,367,374,741
64082,San Mango sul Calore,576,561,1137
64083,San Martino Valle Caudina,2419,2465,4884
64084,San Michele di Serino,1253,1235,2488
64085,San Nicola Baronia,370,390,760
64086,San Potito Ultra,775,783,1558
64087,San Sossio Baronia,760,807,1567
64088,Santa Lucia di Serino,682,704,1386
64089,Sant'Andrea di Conza,650,731,1381
64090,Sant'Angelo all'Esca,380,368,748
64091,Sant'Angelo a Scala,417,323,740
64092,Sant'Angelo dei Lombardi,2096,1984,4080
64093,Santa Paolina,614,643,1257
64095,Santo Stefano del Sole,1025,1083,2108
64096,Savignano Irpino,550,537,1087
64097,Scampitella,530,596,1126
64098,Senerchia,412,358,770
64099,Serino,3534,3476,7010
64100,Sirignano,1397,1444,2841
64101,Solofra,6113,6275,12388
64102,Sorbo Serpico,286,285,571
64103,Sperone,1833,1930,3763
64104,Sturno,1485,1526,3011
64105,Summonte,755,770,1525
64106,Taurano,738,775,1513
64107,Taurasi,1135,1142,2277
64108,Teora,732,727,1459
64109,Torella dei Lombardi,1004,1018,2022
64110,Torre Le Nocelle,616,635,1251
64111,Torrioni,271,212,483
64112,Trevico,447,461,908
64113,Tufo,391,440,831
64114,Vallata,1280,1340,2620
64115,Vallesaccarda,625,654,1279
64116,Venticano,1227,1231,2458
64117,Villamaina,443,487,930
64118,Villanova del Battista,748,805,1553
64119,Volturara Irpina,1501,1624,3125
64120,Zungoli,503,534,1037
64121,Montoro,9806,9814,19620
72001,Acquaviva delle Fonti,9898,10548,20446
72002,Adelfia,8275,8590,16865
72003,Alberobello,5157,5464,10621
72004,Altamura,34610,35953,70563
72006,Bari,154883,167433,322316
72008,Binetto,1117,1097,2214
72010,Bitetto,5881,6042,11923
72011,Bitonto,26835,27608,54443
72012,Bitritto,5557,5739,11296
72014,Capurso,7612,7962,15574
72015,Casamassima,9756,10098,19854
72016,Cassano delle Murge,7365,7516,14881
72017,Castellana Grotte,9488,10074,19562
72018,Cellamare,2842,2952,5794
72019,Conversano,12838,13284,26122
72020,Corato,23400,24619,48019
72021,Gioia del Colle,13437,13981,27418
72022,Giovinazzo,9618,10269,19887
72023,Gravina in Puglia,21615,21963,43578
72024,Grumo Appula,6291,6214,12505
72025,Locorotondo,6915,7274,14189
72027,Modugno,18383,19284,37667
72028,Mola di Bari,12435,12705,25140
72029,Molfetta,28633,30411,59044
72030,Monopoli,23791,25028,48819
72031,Noci,9137,9716,18853
72032,Noicattaro,13015,13238,26253
72033,Palo del Colle,10460,10755,21215
72034,Poggiorsini,693,659,1352
72035,Polignano a Mare,8768,9093,17861
72036,Putignano,12967,13541,26508
72037,Rutigliano,9173,9411,18584
72038,Ruvo di Puglia,12247,12843,25090
72039,Sammichele di Bari,3003,3218,6221
72040,Sannicandro di Bari,4999,4807,9806
72041,Santeramo in Colle,12976,13270,26246
72043,Terlizzi,13209,13337,26546
72044,Toritto,4053,4181,8234
72046,Triggiano,13109,13884,26993
72047,Turi,6299,6695,12994
72048,Valenzano,8632,9118,17750
110001,Andria,49066,50241,99307
110002,Barletta,46801,47515,94316
110003,Bisceglie,27215,27616,54831
110004,Canosa di Puglia,14390,14867,29257
110005,Margherita di Savoia,5683,5943,11626
110006,Minervino Murge,4223,4381,8604
110007,San Ferdinando di Puglia,6980,7002,13982
110008,Spinazzola,3004,3252,6256
110009,Trani,27649,28362,56011
110010,Trinitapoli,6898,7302,14200
25001,Agordo,1932,2148,4080
25002,Alano di Piave,1354,1407,2761
25003,Alleghe,561,605,1166
25004,Arsi 'e8,1094,1143,2237
25005,Auronzo di Cadore,1556,1666,3222
25006,Belluno,17072,18800,35872
25007,Borca di Cadore,405,415,820
25008,Calalzo di Cadore,939,989,1928
25010,Cencenighe Agordino,612,648,1260
25011,Cesiomaggiore,1988,1981,3969
25012,Chies d'Alpago,643,654,1297
25013,Cibiana di Cadore,178,200,378
25014,Colle Santa Lucia,177,172,349
25015,Comelico Superiore,1046,1089,2135
25016,Cortina d'Ampezzo,2668,3067,5735
25017,Danta di Cadore,223,219,442
25018,Domegge di Cadore,1125,1222,2347
25019,Falcade,896,968,1864
25021,Feltre,9917,10647,20564
25022,Fonzaso,1561,1567,3128
25023,Canale d'Agordo,524,572,1096
25025,Gosaldo,292,270,562
25026,Lamon,1378,1413,2791
25027,La Valle Agordina,540,529,1069
25029,Limana,2627,2701,5328
25030,Livinallongo del Col di Lana,618,680,1298
25032,Lorenzago di Cadore,276,280,556
25033,Lozzo di Cadore,616,680,1296
25035,Ospitale di Cadore,134,134,268
25036,Pedavena,2128,2249,4377
25037,Perarolo di Cadore,176,180,356
25039,Pieve di Cadore,1787,1942,3729
25040,Ponte nelle Alpi,4012,4129,8141
25043,Rivamonte Agordino,317,298,615
25044,Rocca Pietore,581,615,1196
25045,San Gregorio nelle Alpi,792,796,1588
25046,San Nicol 'f2 di Comelico,197,190,387
25047,San Pietro di Cadore,794,789,1583
25048,Santa Giustina,3256,3471,6727
25049,San Tomaso Agordino,307,305,612
25050,Santo Stefano di Cadore,1207,1267,2474
25051,San Vito di Cadore,934,995,1929
25053,Sedico,4988,5216,10204
25054,Selva di Cadore,240,253,493
25055,Seren del Grappa,1221,1208,2429
25056,Sospirolo,1546,1581,3127
25057,Soverzene,179,186,365
25058,Sovramonte,666,691,1357
25059,Taibon Agordino,859,883,1742
25060,Tambre,654,652,1306
25062,Vallada Agordina,236,249,485
25063,Valle di Cadore,893,977,1870
25065,Vigo di Cadore,678,717,1395
25066,Vodo Cadore,407,434,841
25067,Voltago Agordino,406,428,834
25069,Zopp 'e8 di Cadore,96,101,197
25070,Quero Vas,1589,1572,3161
25071,Longarone,2533,2647,5180
25072,Alpago,3371,3420,6791
25073,Val di Zoldo,1477,1545,3022
25074,Borgo Valbelluna,6689,6952,13641
62001,Airola,4040,4164,8204
62002,Amorosi,1328,1374,2702
62003,Apice,2740,2797,5537
62004,Apollosa,1291,1297,2588
62005,Arpaia,994,1006,2000
62006,Arpaise,375,363,738
62007,Baselice,1053,1170,2223
62008,Benevento,28030,30764,58794
62009,Bonea,687,694,1381
62010,Bucciano,1037,1051,2088
62011,Buonalbergo,813,820,1633
62012,Calvi,1280,1316,2596
62013,Campolattaro,490,509,999
62014,Campoli del Monte Taburno,864,739,1603
62015,Casalduni,648,641,1289
62016,Castelfranco in Miscano,436,427,863
62017,Castelpagano,701,706,1407
62018,Castelpoto,571,601,1172
62019,Castelvenere,1320,1324,2644
62020,Castelvetere in Val Fortore,518,576,1094
62021,Cautano,1014,967,1981
62022,Ceppaloni,1632,1653,3285
62023,Cerreto Sannita,1842,1905,3747
62024,Circello,1109,1154,2263
62025,Colle Sannita,1133,1188,2321
62026,Cusano Mutri,1981,1978,3959
62027,Dugenta,1346,1405,2751
62028,Durazzano,1105,1068,2173
62029,Faicchio,1745,1800,3545
62030,Foglianise,1594,1646,3240
62031,Foiano di Val Fortore,678,718,1396
62032,Forchia,617,602,1219
62033,Fragneto l'Abate,473,526,999
62034,Fragneto Monforte,868,904,1772
62035,Frasso Telesino,1081,1125,2206
62036,Ginestra degli Schiavoni,222,217,439
62037,Guardia Sanframondi,2381,2426,4807
62038,Limatola,2093,2047,4140
62039,Melizzano,898,889,1787
62040,Moiano,2016,2113,4129
62041,Molinara,762,775,1537
62042,Montefalcone di Val Fortore,645,753,1398
62043,Montesarchio,6561,6829,13390
62044,Morcone,2322,2430,4752
62045,Paduli,1900,1926,3826
62046,Pago Veiano,1159,1208,2367
62047,Pannarano,1085,1021,2106
62048,Paolisi,1054,1018,2072
62049,Paupisi,849,814,1663
62050,Pesco Sannita,921,1001,1922
62051,Pietraroja,233,283,516
62052,Pietrelcina,1513,1495,3008
62053,Ponte,1210,1302,2512
62054,Pontelandolfo,1017,1065,2082
62055,Puglianello,682,678,1360
62056,Reino,580,573,1153
62057,San Bartolomeo in Galdo,2225,2348,4573
62058,San Giorgio del Sannio,4789,5203,9992
62059,San Giorgio La Molara,1471,1452,2923
62060,San Leucio del Sannio,1489,1532,3021
62061,San Lorenzello,1086,1102,2188
62062,San Lorenzo Maggiore,1025,1011,2036
62063,San Lupo,367,369,736
62064,San Marco dei Cavoti,1530,1640,3170
62065,San Martino Sannita,606,598,1204
62066,San Nazzaro,439,431,870
62067,San Nicola Manfredi,1826,1824,3650
62068,San Salvatore Telesino,1979,2006,3985
62069,Santa Croce del Sannio,433,436,869
62070,Sant'Agata de' Goti,5436,5413,10849
62071,Sant'Angelo a Cupolo,2130,2180,4310
62072,Sassinoro,303,338,641
62073,Solopaca,1676,2003,3679
62074,Telese Terme,3750,4031,7781
62075,Tocco Caudio,720,744,1464
62076,Torrecuso,1702,1673,3375
62077,Vitulano,1471,1394,2865
62078,Sant'Arcangelo Trimonte,269,252,521
16001,Adrara San Martino,1149,1042,2191
16002,Adrara San Rocco,419,393,812
16003,Albano Sant'Alessandro,4194,4186,8380
16004,Albino,8767,9033,17800
16005,Alm 'e8,2688,2852,5540
16006,Almenno San Bartolomeo,3166,3207,6373
16007,Almenno San Salvatore,2751,2906,5657
16008,Alzano Lombardo,6696,6987,13683
16009,Ambivere,1231,1161,2392
16010,Antegnate,1629,1595,3224
16011,Arcene,2452,2406,4858
16012,Ardesio,1724,1704,3428
16013,Arzago d'Adda,1378,1359,2737
16014,Averara,96,86,182
16015,Aviatico,310,247,557
16016,Azzano San Paolo,3706,3919,7625
16017,Azzone,196,192,388
16018,Bagnatica,2196,2200,4396
16019,Barbata,348,350,698
16020,Bariano,2187,2050,4237
16021,Barzana,1044,957,2001
16022,Bedulita,341,368,709
16023,Berbenno,1206,1237,2443
16024,Bergamo,57622,64159,121781
16025,Berzo San Fermo,713,684,1397
16026,Bianzano,290,300,590
16027,Blello,35,41,76
16028,Bolgare,3255,3161,6416
16029,Boltiere,3181,3039,6220
16030,Bonate Sopra,5048,5110,10158
16031,Bonate Sotto,3336,3360,6696
16032,Borgo di Terzo,596,570,1166
16033,Bossico,500,499,999
16034,Bottanuco,2567,2541,5108
16035,Bracca,358,357,715
16036,Branzi,343,351,694
16037,Brembate,4356,4229,8585
16038,Brembate di Sopra,3959,3980,7939
16040,Brignano Gera d'Adda,2968,3062,6030
16041,Brumano,66,48,114
16042,Brusaporto,2776,2837,5613
16043,Calcinate,3134,2948,6082
16044,Calcio,2767,2585,5352
16046,Calusco d'Adda,4159,4151,8310
16047,Calvenzano,2135,2169,4304
16048,Camerata Cornello,294,305,599
16049,Canonica d'Adda,2219,2108,4327
16050,Capizzone,605,605,1210
16051,Capriate San Gervasio,4129,4112,8241
16052,Caprino Bergamasco,1582,1504,3086
16053,Caravaggio,8028,8269,16297
16055,Carobbio degli Angeli,2427,2396,4823
16056,Carona,140,160,300
16057,Carvico,2313,2400,4713
16058,Casazza,1968,2002,3970
16059,Casirate d'Adda,2054,2067,4121
16060,Casnigo,1620,1566,3186
16061,Cassiglio,51,62,113
16062,Castelli Calepio,5267,5235,10502
16063,Castel Rozzone,1404,1443,2847
16064,Castione della Presolana,1698,1693,3391
16065,Castro,649,643,1292
16066,Cavernago,1313,1322,2635
16067,Cazzano Sant'Andrea,831,814,1645
16068,Cenate Sopra,1283,1269,2552
16069,Cenate Sotto,1958,1946,3904
16070,Cene,2077,2089,4166
16071,Cerete,780,808,1588
16072,Chignolo d'Isola,1780,1668,3448
16073,Chiuduno,3088,3028,6116
16074,Cisano Bergamasco,3124,3187,6311
16075,Ciserano,2862,2632,5494
16076,Cividate al Piano,2608,2516,5124
16077,Clusone,4211,4446,8657
16078,Colere,563,559,1122
16079,Cologno al Serio,5644,5534,11178
16080,Colzate,829,819,1648
16081,Comun Nuovo,2256,2180,4436
16082,Corna Imagna,481,452,933
16083,Cortenuova,961,980,1941
16084,Costa di Mezzate,1702,1679,3381
16085,Costa Valle Imagna,286,271,557
16086,Costa Volpino,4427,4608,9035
16087,Covo,2117,2051,4168
16088,Credaro,1812,1798,3610
16089,Curno,3706,3858,7564
16090,Cusio,121,106,227
16091,Dalmine,11706,11963,23669
16092,Dossena,468,426,894
16093,Endine Gaiano,1741,1688,3429
16094,Entratico,1029,981,2010
16096,Fara Gera d'Adda,3993,4049,8042
16097,Fara Olivana con Sola,678,616,1294
16098,Filago,1550,1571,3121
16099,Fino del Monte,584,553,1137
16100,Fiorano al Serio,1453,1543,2996
16101,Fontanella,2367,2359,4726
16102,Fonteno,286,279,565
16103,Foppolo,108,79,187
16104,Foresto Sparso,1564,1521,3085
16105,Fornovo San Giovanni,1706,1722,3428
16106,Fuipiano Valle Imagna,99,108,207
16107,Gandellino,524,474,998
16108,Gandino,2639,2728,5367
16109,Gandosso,768,723,1491
16110,Gaverina Terme,432,424,856
16111,Gazzaniga,2413,2593,5006
16113,Ghisalba,3106,3059,6165
16114,Gorlago,2607,2575,5182
16115,Gorle,3157,3408,6565
16116,Gorno,766,753,1519
16117,Grassobbio,3289,3198,6487
16118,Gromo,625,570,1195
16119,Grone,449,437,886
16120,Grumello del Monte,3668,3782,7450
16121,Isola di Fondra,89,84,173
16122,Isso,332,316,648
16123,Lallio,2044,2118,4162
16124,Leffe,2212,2199,4411
16125,Lenna,280,294,574
16126,Levate,1882,1866,3748
16127,Locatello,424,407,831
16128,Lovere,2390,2792,5182
16129,Lurano,1452,1411,2863
16130,Luzzana,461,433,894
16131,Madone,2066,2017,4083
16132,Mapello,3504,3421,6925
16133,Martinengo,5444,5311,10755
16134,Mezzoldo,82,80,162
16135,Misano di Gera d'Adda,1477,1497,2974
16136,Moio de' Calvi,107,100,207
16137,Monasterolo del Castello,584,581,1165
16139,Montello,1700,1613,3313
16140,Morengo,1221,1290,2511
16141,Mornico al Serio,1467,1501,2968
16142,Mozzanica,2268,2232,4500
16143,Mozzo,3665,3762,7427
16144,Nembro,5714,5800,11514
16145,Olmo al Brembo,248,246,494
16146,Oltre il Colle,516,474,990
16147,Oltressenda Alta,78,68,146
16148,Oneta,290,293,583
16149,Onore,447,460,907
16150,Orio al Serio,857,849,1706
16151,Ornica,73,74,147
16152,Osio Sopra,2650,2676,5326
16153,Osio Sotto,6377,6278,12655
16154,Pagazzano,1099,1019,2118
16155,Paladina,2004,2045,4049
16156,Palazzago,2288,2199,4487
16157,Palosco,2871,2907,5778
16158,Parre,1335,1376,2711
16159,Parzanica,187,170,357
16160,Pedrengo,3012,3014,6026
16161,Peia,874,903,1777
16162,Pianico,727,734,1461
16163,Piario,534,531,1065
16164,Piazza Brembana,586,619,1205
16165,Piazzatorre,198,196,394
16166,Piazzolo,42,47,89
16167,Pognano,824,778,1602
16168,Ponte Nossa,876,894,1770
16169,Ponteranica,3387,3425,6812
16170,Ponte San Pietro,5781,5836,11617
16171,Pontida,1697,1661,3358
16172,Pontirolo Nuovo,2540,2486,5026
16173,Pradalunga,2300,2292,4592
16174,Predore,916,964,1880
16175,Premolo,580,522,1102
16176,Presezzo,2366,2473,4839
16177,Pumenengo,848,851,1699
16178,Ranica,2930,3036,5966
16179,Ranzanico,623,607,1230
16180,Riva di Solto,471,442,913
16182,Rogno,1920,1951,3871
16183,Romano di Lombardia,10482,10328,20810
16184,Roncobello,216,204,420
16185,Roncola,398,403,801
16186,Rota d'Imagna,456,464,920
16187,Rovetta,2055,2103,4158
16188,San Giovanni Bianco,2386,2346,4732
16189,San Paolo d'Argon,2891,2889,5780
16190,San Pellegrino Terme,2327,2500,4827
16191,Santa Brigida,270,270,540
16193,Sarnico,3274,3526,6800
16194,Scanzorosciate,4901,5024,9925
16195,Schilpario,558,595,1153
16196,Sedrina,1320,1190,2510
16197,Selvino,1035,985,2020
16198,Seriate,12417,12963,25380
16199,Serina,1057,1005,2062
16200,Solto Collina,906,898,1804
16201,Songavazzo,357,353,710
16202,Sorisole,4542,4578,9120
16203,Sotto il Monte Giovanni XXIII,2262,2235,4497
16204,Sovere,2599,2706,5305
16205,Spinone al Lago,484,512,996
16206,Spirano,2870,2866,5736
16207,Stezzano,6573,6726,13299
16208,Strozza,559,509,1068
16209,Suisio,1932,1888,3820
16210,Taleggio,291,255,546
16211,Tavernola Bergamasca,1025,993,2018
16212,Telgate,2660,2421,5081
16213,Terno d'Isola,4050,4028,8078
16214,Torre Boldone,4254,4571,8825
16215,Torre De' Busi,1090,1073,2163
16216,Torre de' Roveri,1212,1246,2458
16217,Torre Pallavicina,567,547,1114
16218,Trescore Balneario,4867,4904,9771
16219,Treviglio,14926,15704,30630
16220,Treviolo,5370,5575,10945
16221,Ubiale Clanezzo,705,675,1380
16222,Urgnano,5089,4836,9925
16223,Valbondione,498,517,1015
16224,Valbrembo,2151,2221,4372
16225,Valgoglio,300,295,595
16226,Valleve,72,60,132
16227,Valnegra,109,104,213
16229,Valtorta,135,126,261
16230,Vedeseta,101,88,189
16232,Verdellino,3912,3613,7525
16233,Verdello,4165,4037,8202
16234,Vertova,2227,2326,4553
16235,Viadanica,562,569,1131
16236,Vigano San Martino,688,661,1349
16237,Vigolo,296,283,579
16238,Villa d'Adda,2254,2391,4645
16239,Villa d'Alm 'e8,3309,3374,6683
16240,Villa di Serio,3376,3398,6774
16241,Villa d'Ogna,891,941,1832
16242,Villongo,4211,3957,8168
16243,Vilminore di Scalve,723,724,1447
16244,Zandobbio,1397,1341,2738
16245,Zanica,4390,4414,8804
16246,Zogno,4316,4485,8801
16247,Costa Serina,465,432,897
16248,Algua,333,325,658
16249,Cornalba,162,135,297
16250,Medolago,1212,1190,2402
16251,Solza,1044,994,2038
16252,Sant'Omobono Terme,1955,1937,3892
16253,Val Brembilla,2151,2105,4256
96001,Ailoche,147,181,328
96002,Andorno Micca,1507,1623,3130
96003,Benna,555,591,1146
96004,Biella,20553,23259,43812
96005,Bioglio,460,415,875
96006,Borriana,413,472,885
96007,Brusnengo,961,1066,2027
96008,Callabiana,73,68,141
96009,Camandona,154,166,320
96010,Camburzano,547,601,1148
96012,Candelo,3544,3876,7420
96013,Caprile,98,87,185
96014,Casapinta,181,227,408
96015,Castelletto Cervo,417,409,826
96016,Cavagli 'e0,1798,1773,3571
96018,Cerrione,1383,1463,2846
96019,Coggiola,854,888,1742
96020,Cossato,6810,7562,14372
96021,Crevacuore,708,768,1476
96023,Curino,224,244,468
96024,Donato,360,356,716
96025,Dorzano,280,265,545
96026,Gaglianico,1785,2038,3823
96027,Gifflenga,57,52,109
96028,Graglia,739,756,1495
96030,Magnano,207,179,386
96031,Massazza,260,277,537
96032,Masserano,1004,1032,2036
96033,Mezzana Mortigliengo,238,252,490
96034,Miagliano,269,311,580
96035,Mongrando,1840,1993,3833
96037,Mottalciata,671,657,1328
96038,Muzzano,284,307,591
96039,Netro,470,471,941
96040,Occhieppo Inferiore,1819,2033,3852
96041,Occhieppo Superiore,1281,1413,2694
96042,Pettinengo,766,737,1503
96043,Piatto,241,248,489
96044,Piedicavallo,93,85,178
96046,Pollone,1056,1065,2121
96047,Ponderano,1846,1941,3787
96048,Portula,570,596,1166
96049,Pralungo,1149,1201,2350
96050,Pray,999,1103,2102
96053,Ronco Biellese,752,734,1486
96054,Roppolo,412,450,862
96055,Rosazza,41,49,90
96056,Sagliano Micca,765,814,1579
96057,Sala Biellese,288,297,585
96058,Salussola,987,927,1914
96059,Sandigliano,1280,1365,2645
96063,Sordevolo,645,697,1342
96064,Sostegno,366,397,763
96065,Strona,518,534,1052
96066,Tavigliano,459,460,919
96067,Ternengo,133,137,270
96068,Tollegno,1196,1261,2457
96069,Torrazzo,103,99,202
96071,Valdengo,1152,1245,2397
96072,Vallanzengo,100,102,202
96074,Valle San Nicolao,463,458,921
96075,Veglio,238,226,464
96076,Verrone,620,620,1240
96077,Vigliano Biellese,3739,4005,7744
96078,Villa del Bosco,149,182,331
96079,Villanova Biellese,93,97,190
96080,Viverone,674,734,1408
96081,Zimone,196,197,393
96082,Zubiena,571,569,1140
96083,Zumaglia,471,510,981
96085,Lessona,1318,1401,2719
96086,Campiglia Cervo,247,246,493
96087,Quaregna Cerreto,1015,1029,2044
96088,Valdilana,5233,5540,10773
37001,Anzola dell'Emilia,6087,6302,12389
37002,Argelato,4802,4967,9769
37003,Baricella,3612,3642,7254
37005,Bentivoglio,2825,2890,5715
37006,Bologna,184701,205924,390625
37007,Borgo Tossignano,1640,1633,3273
37008,Budrio,9053,9492,18545
37009,Calderara di Reno,6556,6836,13392
37010,Camugnano,908,935,1843
37011,Casalecchio di Reno,17326,19359,36685
37012,Casalfiumanese,1703,1719,3422
37013,Castel d'Aiano,949,905,1854
37014,Castel del Rio,581,627,1208
37015,Castel di Casio,1682,1689,3371
37016,Castel Guelfo di Bologna,2268,2266,4534
37017,Castello d'Argile,3319,3267,6586
37019,Castel Maggiore,8986,9636,18622
37020,Castel San Pietro Terme,10261,10706,20967
37021,Castenaso,7513,8173,15686
37022,Castiglione dei Pepoli,2702,2746,5448
37024,Crevalcore,6763,7021,13784
37025,Dozza,3251,3378,6629
37026,Fontanelice,983,972,1955
37027,Gaggio Montano,2406,2493,4899
37028,Galliera,2751,2781,5532
37030,Granarolo dell'Emilia,6059,6310,12369
37031,Grizzana Morandi,2002,1890,3892
37032,Imola,33751,36249,70000
37033,Lizzano in Belvedere,1089,1094,2183
37034,Loiano,2207,2174,4381
37035,Malalbergo,4415,4692,9107
37036,Marzabotto,3401,3430,6831
37037,Medicina,8260,8575,16835
37038,Minerbio,4363,4534,8897
37039,Molinella,7618,8059,15677
37040,Monghidoro,1894,1810,3704
37041,Monterenzio,3133,3080,6213
37042,Monte San Pietro,5340,5455,10795
37044,Monzuno,3210,3176,6386
37045,Mordano,2415,2324,4739
37046,Ozzano dell'Emilia,6809,7119,13928
37047,Pianoro,8573,9052,17625
37048,Pieve di Cento,3500,3663,7163
37050,Sala Bolognese,4206,4265,8471
37051,San Benedetto Val di Sambro,2136,2038,4174
37052,San Giorgio di Piano,4360,4675,9035
37053,San Giovanni in Persiceto,13741,14513,28254
37054,San Lazzaro di Savena,15617,17175,32792
37055,San Pietro in Casale,6300,6364,12664
37056,Sant'Agata Bolognese,3754,3719,7473
37057,Sasso Marconi,7254,7699,14953
37059,Vergato,3821,3915,7736
37060,Zola Predosa,9318,9777,19095
37061,Valsamoggia,15646,15852,31498
37062,Alto Reno Terme,3359,3590,6949
21001,Aldino,850,806,1656
21002,Andriano,529,509,1038
21003,Anterivo,202,193,395
21004,Appiano sulla strada del vino,7414,7518,14932
21005,Avelengo,392,388,780
21006,Badia,1709,1762,3471
21007,Barbiano,878,876,1754
21008,Bolzano,51530,55877,107407
21009,Braies,321,333,654
21010,Brennero,1159,1093,2252
21011,Bressanone,10984,11588,22572
21012,Bronzolo,1397,1386,2783
21013,Brunico,8296,8478,16774
21014,Caines,189,197,386
21015,Caldaro sulla strada del vino,3918,4167,8085
21016,Campo di Trens,1373,1294,2667
21017,Campo Tures,2750,2767,5517
21018,Castelbello-Ciardes,1174,1112,2286
21019,Castelrotto,3487,3394,6881
21020,Cermes,765,779,1544
21021,Chienes,1495,1432,2927
21022,Chiusa,2601,2618,5219
21023,Cornedo all'Isarco,1756,1665,3421
21024,Cortaccia sulla strada del vino,1108,1111,2219
21025,Cortina sulla strada del vino,326,327,653
21026,Corvara in Badia,669,707,1376
21027,Curon Venosta,1223,1163,2386
21028,Dobbiaco,1682,1664,3346
21029,Egna,2682,2781,5463
21030,Falzes,1429,1431,2860
21031,Fi 'e8 allo Sciliar,1773,1843,3616
21032,Fortezza,509,496,1005
21033,Funes,1274,1297,2571
21034,Gais,1701,1597,3298
21035,Gargazzone,864,887,1751
21036,Glorenza,473,432,905
21037,Laces,2598,2600,5198
21038,Lagundo,2426,2599,5025
21039,Laion,1370,1376,2746
21040,Laives,8995,9034,18029
21041,Lana,6068,6399,12467
21042,Lasa,2043,2051,4094
21043,Lauregno,185,153,338
21044,Luson,779,776,1555
21045,Magr 'e8 sulla strada del vino,630,651,1281
21046,Malles Venosta,2697,2590,5287
21047,Marebbe,1573,1545,3118
21048,Marlengo,1427,1387,2814
21049,Martello,451,378,829
21050,Meltina,883,811,1694
21051,Merano,19826,21344,41170
21052,Monguelfo-Tesido,1450,1469,2919
21053,Montagna,837,877,1714
21054,Moso in Passiria,1092,974,2066
21055,Nalles,984,995,1979
21056,Naturno,2972,2917,5889
21057,Naz-Sciaves,1627,1618,3245
21058,Nova Levante,1035,964,1999
21059,Nova Ponente,2021,1956,3977
21060,Ora,1900,1975,3875
21061,Ortisei,2409,2455,4864
21062,Parcines,1877,1938,3815
21063,Perca,803,795,1598
21064,Plaus,379,358,737
21065,Ponte Gardena,109,82,191
21066,Postal,931,972,1903
21067,Prato allo Stelvio,1844,1802,3646
21068,Predoi,279,266,545
21069,Proves,147,109,256
21070,Racines,2325,2213,4538
21071,Rasun-Anterselva,1468,1443,2911
21072,Renon,3955,4011,7966
21073,Rifiano,723,671,1394
21074,Rio di Pusteria,1595,1566,3161
21075,Rodengo,646,616,1262
21076,Salorno,1908,1899,3807
21077,San Candido,1642,1707,3349
21079,San Genesio Atesino,1563,1511,3074
21080,San Leonardo in Passiria,1821,1748,3569
21081,San Lorenzo di Sebato,1944,1935,3879
21082,San Martino in Badia,882,872,1754
21083,San Martino in Passiria,1619,1625,3244
21084,San Pancrazio,787,754,1541
21085,Santa Cristina Valgardena,1008,1007,2015
21086,Sarentino,3641,3519,7160
21087,Scena,1461,1455,2916
21088,Selva dei Molini,747,674,1421
21089,Selva di Val Gardena,1282,1304,2586
21091,Senales,640,605,1245
21092,Sesto,931,948,1879
21093,Silandro,3088,3154,6242
21094,Sluderno,926,913,1839
21095,Stelvio,596,554,1150
21096,Terento,908,851,1759
21097,Terlano,2249,2289,4538
21098,Termeno sulla strada del vino,1705,1733,3438
21099,Tesimo,996,998,1994
21100,Tires,480,530,1010
21101,Tirolo,1217,1226,2443
21102,Trodena nel parco naturale,516,540,1056
21103,Tubre,458,500,958
21104,Ultimo,1484,1427,2911
21105,Vadena,548,502,1050
21106,Valdaora,1603,1567,3170
21107,Val di Vizze,1555,1535,3090
21108,Valle Aurina,3074,2941,6015
21109,Valle di Casies,1183,1142,2325
21110,Vandoies,1674,1650,3324
21111,Varna,2396,2398,4794
21112,Verano,514,459,973
21113,Villabassa,819,783,1602
21114,Villandro,954,871,1825
21115,Vipiteno,3550,3494,7044
21116,Velturno,1523,1465,2988
21117,La Valle,727,671,1398
21118,Senale-San Felice,398,362,760
17001,Acquafredda,715,789,1504
17002,Adro,3603,3648,7251
17003,Agnosine,861,804,1665
17004,Alfianello,1219,1206,2425
17005,Anfo,254,213,467
17006,Angolo Terme,1181,1163,2344
17007,Artogne,1825,1789,3614
17008,Azzano Mella,1749,1647,3396
17009,Bagnolo Mella,6231,6388,12619
17010,Bagolino,1900,1907,3807
17011,Barbariga,1180,1140,2320
17012,Barghe,616,543,1159
17013,Bassano Bresciano,1190,1139,2329
17014,Bedizzole,6054,6175,12229
17015,Berlingo,1443,1348,2791
17016,Berzo Demo,813,769,1582
17017,Berzo Inferiore,1230,1238,2468
17018,Bienno,1865,1906,3771
17019,Bione,661,675,1336
17020,Borgo San Giacomo,2716,2678,5394
17021,Borgosatollo,4623,4641,9264
17022,Borno,1299,1368,2667
17023,Botticino,5280,5567,10847
17024,Bovegno,1032,1062,2094
17025,Bovezzo,3677,3884,7561
17026,Brandico,878,832,1710
17027,Braone,349,341,690
17028,Breno,2339,2475,4814
17029,Brescia,95120,104459,199579
17030,Brione,379,356,735
17031,Caino,1095,1039,2134
17032,Calcinato,6632,6508,13140
17033,Calvagese della Riviera,1785,1798,3583
17034,Calvisano,4321,4204,8525
17035,Capo di Ponte,1175,1266,2441
17036,Capovalle,168,181,349
17037,Capriano del Colle,2342,2274,4616
17038,Capriolo,4724,4788,9512
17039,Carpenedolo,6534,6503,13037
17040,Castegnato,4226,4190,8416
17041,Castelcovati,3367,3317,6684
17042,Castel Mella,5535,5477,11012
17043,Castenedolo,5770,5801,11571
17044,Casto,854,806,1660
17045,Castrezzato,3676,3747,7423
17046,Cazzago San Martino,5436,5535,10971
17047,Cedegolo,562,579,1141
17048,Cellatica,2369,2510,4879
17049,Cerveno,348,306,654
17050,Ceto,900,914,1814
17051,Cevo,438,405,843
17052,Chiari,9529,9727,19256
17053,Cigole,757,767,1524
17054,Cimbergo,270,266,536
17055,Cividate Camuno,1401,1337,2738
17056,Coccaglio,4387,4408,8795
17057,Collebeato,2225,2373,4598
17058,Collio,1041,996,2037
17059,Cologne,3758,3821,7579
17060,Comezzano-Cizzago,2058,1954,4012
17061,Concesio,7728,8018,15746
17062,Corte Franca,3592,3563,7155
17063,Corteno Golgi,951,976,1927
17064,Corzano,701,719,1420
17065,Darfo Boario Terme,7759,7897,15656
17066,Dello,2801,2780,5581
17067,Desenzano del Garda,14033,15566,29599
17068,Edolo,2200,2274,4474
17069,Erbusco,4425,4316,8741
17070,Esine,2586,2630,5216
17071,Fiesse,1020,1002,2022
17072,Flero,4422,4520,8942
17073,Gambara,2353,2307,4660
17074,Gardone Riviera,1307,1351,2658
17075,Gardone Val Trompia,5716,5843,11559
17076,Gargnano,1348,1478,2826
17077,Gavardo,6231,6128,12359
17078,Ghedi,9392,9238,18630
17079,Gianico,1057,1086,2143
17080,Gottolengo,2496,2583,5079
17081,Gussago,8157,8562,16719
17082,Idro,943,956,1899
17083,Incudine,174,183,357
17084,Irma,71,57,128
17085,Iseo,4396,4759,9155
17086,Isorella,2094,2032,4126
17087,Lavenone,264,251,515
17088,Leno,7180,7082,14262
17089,Limone sul Garda,555,587,1142
17090,Lodrino,870,796,1666
17091,Lograto,1922,1920,3842
17092,Lonato del Garda,8309,8503,16812
17093,Longhena,296,261,557
17094,Losine,304,307,611
17095,Lozio,187,199,386
17096,Lumezzane,10925,11077,22002
17097,Maclodio,743,723,1466
17098,Magasa,62,48,110
17099,Mairano,1802,1740,3542
17100,Malegno,1007,996,2003
17101,Malonno,1522,1584,3106
17102,Manerba del Garda,2705,2709,5414
17103,Manerbio,6500,6818,13318
17104,Marcheno,2134,2140,4274
17105,Marmentino,334,321,655
17106,Marone,1524,1622,3146
17107,Mazzano,6184,6297,12481
17108,Milzano,875,858,1733
17109,Moniga del Garda,1275,1346,2621
17110,Monno,255,281,536
17111,Monte Isola,833,855,1688
17112,Monticelli Brusati,2297,2261,4558
17113,Montichiari,13092,13052,26144
17114,Montirone,2613,2509,5122
17115,Mura,388,392,780
17116,Muscoline,1368,1307,2675
17117,Nave,5306,5440,10746
17118,Niardo,995,1023,2018
17119,Nuvolento,1893,2030,3923
17120,Nuvolera,2360,2398,4758
17121,Odolo,925,1004,1929
17122,Offlaga,2068,2009,4077
17123,Ome,1548,1660,3208
17124,Ono San Pietro,478,502,980
17125,Orzinuovi,6277,6275,12552
17126,Orzivecchi,1257,1227,2484
17127,Ospitaletto,7622,7325,14947
17128,Ossimo,752,778,1530
17129,Padenghe sul Garda,2294,2435,4729
17130,Paderno Franciacorta,1823,1848,3671
17131,Paisco Loveno,85,90,175
17132,Paitone,1083,1043,2126
17133,Palazzolo sull'Oglio,10161,10155,20316
17134,Paratico,2441,2412,4853
17135,Paspardo,314,285,599
17136,Passirano,3452,3570,7022
17137,Pavone del Mella,1402,1361,2763
17138,San Paolo,2254,2241,4495
17139,Pertica Alta,288,252,540
17140,Pertica Bassa,301,304,605
17141,Pezzaze,747,722,1469
17142,Pian Camuno,2398,2372,4770
17143,Pisogne,3919,3985,7904
17144,Polaveno,1256,1219,2475
17145,Polpenazze del Garda,1342,1368,2710
17146,Pompiano,1891,1878,3769
17147,Poncarale,2599,2646,5245
17148,Ponte di Legno,846,906,1752
17149,Pontevico,3302,3758,7060
17150,Pontoglio,3475,3472,6947
17151,Pozzolengo,1793,1777,3570
17152,Pralboino,1471,1421,2892
17153,Preseglie,785,748,1533
17155,Prevalle,3488,3478,6966
17156,Provaglio d'Iseo,3593,3690,7283
17157,Provaglio Val Sabbia,469,424,893
17158,Puegnago sul Garda,1701,1776,3477
17159,Quinzano d'Oglio,3114,3140,6254
17160,Remedello,1709,1690,3399
17161,Rezzato,6638,6858,13496
17162,Roccafranca,2410,2390,4800
17163,Rodengo Saiano,4816,5025,9841
17164,Ro 'e8 Volciano,2140,2290,4430
17165,Roncadelle,4689,4771,9460
17166,Rovato,9915,9506,19421
17167,Rudiano,2972,2857,5829
17168,Sabbio Chiese,2010,1969,3979
17169,Sale Marasino,1634,1716,3350
17170,Sal 'f2,4971,5648,10619
17171,San Felice del Benaco,1682,1766,3448
17172,San Gervasio Bresciano,1310,1356,2666
17173,San Zeno Naviglio,2365,2412,4777
17174,Sarezzo,6538,6727,13265
17175,Saviore dell'Adamello,420,452,872
17176,Sellero,713,715,1428
17177,Seniga,723,732,1455
17178,Serle,1515,1542,3057
17179,Sirmione,3972,4364,8336
17180,Soiano del Lago,965,955,1920
17181,Sonico,631,622,1253
17182,Sulzano,982,981,1963
17183,Tavernole sul Mella,635,615,1250
17184,Tem 'f9,568,556,1124
17185,Tignale,578,633,1211
17186,Torbole Casaglia,3294,3223,6517
17187,Toscolano-Maderno,3753,4012,7765
17188,Travagliato,6873,7049,13922
17189,Tremosine sul Garda,1042,1035,2077
17190,Trenzano,2756,2704,5460
17191,Treviso Bresciano,257,264,521
17192,Urago d'Oglio,1921,1810,3731
17193,Vallio Terme,719,723,1442
17194,Valvestino,89,89,178
17195,Verolanuova,4052,4104,8156
17196,Verolavecchia,1927,1843,3770
17197,Vestone,2127,2161,4288
17198,Vezza d'Oglio,713,741,1454
17199,Villa Carcina,5305,5461,10766
17200,Villachiara,686,700,1386
17201,Villanuova sul Clisi,2853,2992,5845
17202,Vione,315,339,654
17203,Visano,1023,990,2013
17204,Vobarno,4178,4045,8223
17205,Zone,525,529,1054
17206,Piancogno,2390,2323,4713
74001,Brindisi,41204,44677,85881
74002,Carovigno,8698,8515,17213
74003,Ceglie Messapica,9288,10213,19501
74004,Cellino San Marco,3042,3350,6392
74005,Cisternino,5547,5923,11470
74006,Erchie,4135,4340,8475
74007,Fasano,19262,20304,39566
74008,Francavilla Fontana,17358,18577,35935
74009,Latiano,6830,7243,14073
74010,Mesagne,12644,13821,26465
74011,Oria,7228,7722,14950
74012,Ostuni,14913,16170,31083
74013,San Donaci,3091,3285,6376
74014,San Michele Salentino,3099,3180,6279
74015,San Pancrazio Salentino,4667,4988,9655
74016,San Pietro Vernotico,6366,7028,13394
74017,San Vito dei Normanni,9180,9701,18881
74018,Torchiarolo,2602,2716,5318
74019,Torre Santa Susanna,5034,5334,10368
74020,Villa Castelli,4589,4592,9181
92003,Assemini,13225,13623,26848
92009,Cagliari,71516,81715,153231
92011,Capoterra,11720,11814,23534
92015,Decimomannu,4198,4163,8361
92037,Maracalagonis,4089,3916,8005
92050,Pula,3685,3609,7294
92051,Quartu Sant'Elena,34552,35800,70352
92066,Sarroch,2632,2594,5226
92068,Selargius,14165,15037,29202
92074,Sestu,10677,10485,21162
92075,Settimo San Pietro,3391,3440,6831
92080,Sinnai,8838,8826,17664
92090,Uta,4450,4283,8733
92099,Villa San Pietro,1083,1060,2143
92105,Quartucciu,6423,6709,13132
92108,Elmas,4717,4802,9519
92109,Monserrato,9424,10253,19677
85001,Acquaviva Platani,454,464,918
85002,Bompensiere,269,257,526
85003,Butera,2160,2251,4411
85004,Caltanissetta,29581,31750,61331
85005,Campofranco,1341,1513,2854
85006,Delia,1940,2166,4106
85007,Gela,36262,37813,74075
85008,Marianopoli,834,903,1737
85009,Mazzarino,5452,5993,11445
85010,Milena,1401,1487,2888
85011,Montedoro,689,773,1462
85012,Mussomeli,4949,5313,10262
85013,Niscemi,12965,13309,26274
85014,Resuttano,909,953,1862
85015,Riesi,5259,5851,11110
85016,San Cataldo,10561,11298,21859
85017,Santa Caterina Villarmosa,2351,2688,5039
85018,Serradifalco,2752,3040,5792
85019,Sommatino,3146,3526,6672
85020,Sutera,609,690,1299
85021,Vallelunga Pratameno,1593,1738,3331
85022,Villalba,731,795,1526
70001,Acquaviva Collecroce,306,299,605
70002,Baranello,1260,1322,2582
70003,Bojano,3822,4007,7829
70004,Bonefro,624,667,1291
70005,Busso,584,605,1189
70006,Campobasso,23505,25523,49028
70007,Campochiaro,303,320,623
70008,Campodipietra,1187,1254,2441
70009,Campolieto,423,403,826
70010,Campomarino,4047,3790,7837
70011,Casacalenda,979,1009,1988
70012,Casalciprano,246,263,509
70013,Castelbottaccio,130,134,264
70014,Castellino del Biferno,259,252,511
70015,Castelmauro,678,706,1384
70016,Castropignano,426,471,897
70017,Cercemaggiore,1872,1803,3675
70018,Cercepiccola,286,337,623
70019,Civitacampomarano,157,184,341
70020,Colle d'Anchise,381,387,768
70021,Colletorto,858,921,1779
70022,Duronia,199,194,393
70023,Ferrazzano,1616,1644,3260
70024,Fossalto,598,643,1241
70025,Gambatesa,646,696,1342
70026,Gildone,376,391,767
70027,Guardialfiera,477,503,980
70028,Guardiaregia,367,367,734
70029,Guglionesi,2586,2544,5130
70030,Jelsi,889,842,1731
70031,Larino,3262,3344,6606
70032,Limosano,376,342,718
70033,Lucito,306,324,630
70034,Lupara,223,228,451
70035,Macchia Valfortore,257,258,515
70036,Mafalda,571,581,1152
70037,Matrice,524,547,1071
70038,Mirabello Sannitico,1065,1058,2123
70039,Molise,85,73,158
70040,Monacilioni,225,263,488
70041,Montagano,503,532,1035
70042,Montecilfone,622,652,1274
70043,Montefalcone nel Sannio,725,731,1456
70044,Montelongo,163,169,332
70045,Montemitro,161,166,327
70046,Montenero di Bisaccia,3140,3172,6312
70047,Montorio nei Frentani,200,192,392
70048,Morrone del Sannio,296,268,564
70049,Oratino,844,812,1656
70050,Palata,805,843,1648
70051,Petacciato,1928,1796,3724
70052,Petrella Tifernina,526,574,1100
70053,Pietracatella,614,667,1281
70054,Pietracupa,105,115,220
70055,Portocannone,1203,1203,2406
70056,Provvidenti,59,46,105
70057,Riccia,2490,2578,5068
70058,Ripabottoni,232,247,479
70059,Ripalimosani,1559,1501,3060
70060,Roccavivara,306,352,658
70061,Rotello,584,581,1165
70062,Salcito,335,306,641
70063,San Biase,73,76,149
70064,San Felice del Molise,294,298,592
70065,San Giacomo degli Schiavoni,678,707,1385
70066,San Giovanni in Galdo,254,277,531
70067,San Giuliano del Sannio,486,464,950
70068,San Giuliano di Puglia,494,537,1031
70069,San Martino in Pensilis,2300,2394,4694
70070,San Massimo,438,381,819
70071,San Polo Matese,238,233,471
70072,Santa Croce di Magliano,2013,2186,4199
70073,Sant'Angelo Limosano,169,171,340
70074,Sant'Elia a Pianisi,819,860,1679
70075,Sepino,968,865,1833
70076,Spinete,611,608,1219
70077,Tavenna,301,339,640
70078,Termoli,16289,17121,33410
70079,Torella del Sannio,377,350,727
70080,Toro,646,682,1328
70081,Trivento,2271,2299,4570
70082,Tufara,403,429,832
70083,Ururi,1229,1349,2578
70084,Vinchiaturo,1646,1673,3319
61001,Ailano,620,713,1333
61002,Alife,3779,3776,7555
61003,Alvignano,2320,2394,4714
61004,Arienzo,2644,2737,5381
61005,Aversa,24977,26948,51925
61006,Baia e Latina,1030,1059,2089
61007,Bellona,2997,3109,6106
61008,Caianello,916,917,1833
61009,Caiazzo,2610,2740,5350
61010,Calvi Risorta,2732,2879,5611
61011,Camigliano,983,1006,1989
61012,Cancello ed Arnone,2882,2812,5694
61013,Capodrise,5036,5196,10232
61014,Capriati a Volturno,730,809,1539
61015,Capua,8779,9362,18141
61016,Carinaro,3459,3624,7083
61017,Carinola,3858,3703,7561
61018,Casagiove,6527,6975,13502
61019,Casal di Principe,10753,10860,21613
61020,Casaluce,4753,5003,9756
61021,Casapulla,4155,4382,8537
61022,Caserta,34983,39467,74450
61023,Castel Campagnano,713,794,1507
61024,Castel di Sasso,553,568,1121
61025,Castello del Matese,682,743,1425
61026,Castel Morrone,1802,1936,3738
61027,Castel Volturno,13723,13012,26735
61028,Cervino,2439,2548,4987
61029,Cesa,4669,4659,9328
61030,Ciorlano,192,197,389
61031,Conca della Campania,577,616,1193
61032,Curti,3282,3669,6951
61033,Dragoni,991,1090,2081
61034,Fontegreca,392,393,785
61035,Formicola,673,762,1435
61036,Francolise,2368,2353,4721
61037,Frignano,4537,4672,9209
61038,Gallo Matese,274,266,540
61039,Galluccio,1010,1049,2059
61040,Giano Vetusto,315,345,660
61041,Gioia Sannitica,1718,1751,3469
61042,Grazzanise,3491,3509,7000
61043,Gricignano di Aversa,6326,6323,12649
61044,Letino,314,352,666
61045,Liberi,529,575,1104
61046,Lusciano,7756,8134,15890
61047,Macerata Campania,5025,5231,10256
61048,Maddaloni,18611,19608,38219
61049,Marcianise,19278,20145,39423
61050,Marzano Appio,1077,1050,2127
61051,Mignano Monte Lungo,1509,1565,3074
61052,Mondragone,15002,14806,29808
61053,Orta di Atella,13675,13744,27419
61054,Parete,5912,6031,11943
61055,Pastorano,1494,1521,3015
61056,Piana di Monte Verna,1156,1100,2256
61057,Piedimonte Matese,5151,5538,10689
61058,Pietramelara,2221,2383,4604
61059,Pietravairano,1413,1499,2912
61060,Pignataro Maggiore,2812,3018,5830
61061,Pontelatone,785,841,1626
61062,Portico di Caserta,3874,3954,7828
61063,Prata Sannita,681,755,1436
61064,Pratella,726,765,1491
61065,Presenzano,933,856,1789
61066,Raviscanina,610,655,1265
61067,Recale,3907,3913,7820
61068,Riardo,1129,1201,2330
61069,Rocca d'Evandro,1528,1560,3088
61070,Roccamonfina,1632,1708,3340
61071,Roccaromana,390,453,843
61072,Rocchetta e Croce,226,229,455
61073,Ruviano,834,895,1729
61074,San Cipriano d'Aversa,6849,6850,13699
61075,San Felice a Cancello,8481,8764,17245
61076,San Gregorio Matese,450,462,912
61077,San Marcellino,7276,7241,14517
61078,San Nicola la Strada,11207,11427,22634
61079,San Pietro Infine,436,447,883
61080,San Potito Sannitico,962,997,1959
61081,San Prisco,5913,6380,12293
61082,Santa Maria a Vico,6939,7246,14185
61083,Santa Maria Capua Vetere,15536,17266,32802
61084,Santa Maria la Fossa,1268,1329,2597
61085,San Tammaro,2909,2878,5787
61086,Sant'Angelo d'Alife,1052,1141,2193
61087,Sant'Arpino,7470,7523,14993
61088,Sessa Aurunca,10302,10734,21036
61089,Sparanise,3543,3789,7332
61090,Succivo,4323,4358,8681
61091,Teano,5832,6120,11952
61092,Teverola,7204,7433,14637
61093,Tora e Piccilli,402,437,839
61094,Trentola-Ducenta,9930,10271,20201
61095,Vairano Patenora,3195,3348,6543
61096,Valle Agricola,394,410,804
61097,Valle di Maddaloni,1315,1382,2697
61098,Villa di Briano,3696,3663,7359
61099,Villa Literno,6357,6009,12366
61100,Vitulazio,3710,3924,7634
61101,Falciano del Massico,1676,1816,3492
61102,Cellole,3895,4153,8048
61103,Casapesenna,3440,3528,6968
61104,San Marco Evangelista,3288,3344,6632
87001,Aci Bonaccorsi,1680,1862,3542
87002,Aci Castello,8759,9551,18310
87003,Aci Catena,14231,14625,28856
87004,Acireale,25144,26732,51876
87005,Aci Sant'Antonio,8988,9175,18163
87006,Adrano,17015,18196,35211
87007,Belpasso,13923,14149,28072
87008,Biancavilla,11452,12216,23668
87009,Bronte,8954,9748,18702
87010,Calatabiano,2550,2642,5192
87011,Caltagirone,18233,19122,37355
87012,Camporotondo Etneo,2622,2552,5174
87013,Castel di Iudica,2153,2295,4448
87014,Castiglione di Sicilia,1503,1579,3082
87015,Catania,149567,161835,311402
87016,Fiumefreddo di Sicilia,4444,4903,9347
87017,Giarre,13232,14185,27417
87018,Grammichele,6448,6697,13145
87019,Gravina di Catania,12296,13444,25740
87020,Licodia Eubea,1516,1489,3005
87021,Linguaglossa,2523,2676,5199
87022,Maletto,1781,1916,3697
87023,Mascali,7123,7306,14429
87024,Mascalucia,15593,16449,32042
87025,Militello in Val di Catania,3496,3566,7062
87026,Milo,526,515,1041
87027,Mineo,2753,2498,5251
87028,Mirabella Imbaccari,2139,2438,4577
87029,Misterbianco,24502,25669,50171
87030,Motta Sant'Anastasia,5968,6273,12241
87031,Nicolosi,3746,3805,7551
87032,Palagonia,8001,8297,16298
87033,Patern 'f2,23024,24162,47186
87034,Pedara,7378,7444,14822
87035,Piedimonte Etneo,2029,2049,4078
87036,Raddusa,1445,1534,2979
87037,Ramacca,5428,5337,10765
87038,Randazzo,5045,5546,10591
87039,Riposto,7090,7414,14504
87040,San Cono,1278,1304,2582
87041,San Giovanni la Punta,11315,12376,23691
87042,San Gregorio di Catania,5591,6137,11728
87043,San Michele di Ganzaria,1531,1605,3136
87044,San Pietro Clarenza,4068,4128,8196
87045,Sant'Agata li Battiati,4417,5126,9543
87046,Sant'Alfio,738,822,1560
87047,Santa Maria di Licodia,3710,3871,7581
87048,Santa Venerina,4187,4360,8547
87049,Scordia,8341,8360,16701
87050,Trecastagni,5528,5653,11181
87051,Tremestieri Etneo,9604,10657,20261
87052,Valverde,3904,4038,7942
87053,Viagrande,4356,4492,8848
87054,Vizzini,2863,3096,5959
87055,Zafferana Etnea,4754,4767,9521
87056,Mazzarrone,1975,2022,3997
87057,Maniace,1880,1882,3762
87058,Ragalna,2067,1980,4047
79002,Albi,439,431,870
79003,Amaroni,860,913,1773
79004,Amato,385,411,796
79005,Andali,336,354,690
79007,Argusto,240,242,482
79008,Badolato,1401,1511,2912
79009,Belcastro,641,630,1271
79011,Borgia,3666,3807,7473
79012,Botricello,2531,2659,5190
79017,Caraffa di Catanzaro,891,902,1793
79018,Cardinale,952,1023,1975
79020,Carlopoli,731,736,1467
79023,Catanzaro,42077,46236,88313
79024,Cenadi,256,262,518
79025,Centrache,180,198,378
79027,Cerva,553,599,1152
79029,Chiaravalle Centrale,2545,2817,5362
79030,Cicala,443,466,909
79033,Conflenti,679,673,1352
79034,Cortale,954,1022,1976
79036,Cropani,2341,2449,4790
79039,Curinga,3269,3407,6676
79042,Davoli,2694,2812,5506
79043,Decollatura,1515,1524,3039
79047,Falerna,1983,1924,3907
79048,Feroleto Antico,982,1032,2014
79052,Fossato Serralta,287,294,581
79055,Gagliato,216,231,447
79056,Gasperina,1001,1035,2036
79058,Gimigliano,1567,1600,3167
79059,Girifalco,2811,2960,5771
79060,Gizzeria,2733,2507,5240
79061,Guardavalle,2156,2254,4410
79063,Isca sullo Ionio,758,796,1554
79065,Jacurso,277,319,596
79068,Magisano,575,592,1167
79069,Maida,2292,2351,4643
79071,Marcedusa,208,198,406
79072,Marcellinara,1066,1147,2213
79073,Martirano,424,433,857
79074,Martirano Lombardo,509,507,1016
79077,Miglierina,326,399,725
79080,Montauro,845,906,1751
79081,Montepaone,2797,2805,5602
79083,Motta Santa Lucia,411,400,811
79087,Nocera Terinese,2360,2400,4760
79088,Olivadi,251,266,517
79089,Palermiti,548,609,1157
79092,Pentone,947,1021,1968
79094,Petrizzi,522,532,1054
79095,Petron 'e0,1226,1312,2538
79096,Pianopoli,1295,1313,2608
79099,Platania,979,1040,2019
79108,San Floro,353,366,719
79110,San Mango d'Aquino,734,762,1496
79114,San Pietro a Maida,1986,2025,4011
79115,San Pietro Apostolo,764,821,1585
79116,San Sostene,708,687,1395
79117,Santa Caterina dello Ionio,1055,1044,2099
79118,Sant'Andrea Apostolo dello Ionio,906,903,1809
79122,San Vito sullo Ionio,799,890,1689
79123,Satriano,1666,1774,3440
79126,Sellia,239,273,512
79127,Sellia Marina,3880,3818,7698
79129,Serrastretta,1497,1542,3039
79130,Sersale,2162,2274,4436
79131,Settingiano,1591,1546,3137
79133,Simeri Crichi,2324,2384,4708
79134,Sorbo San Basile,395,397,792
79137,Soverato,4184,4797,8981
79138,Soveria Mannelli,1411,1560,2971
79139,Soveria Simeri,738,770,1508
79142,Squillace,1801,1828,3629
79143,Stalett 'ec,1201,1187,2388
79146,Taverna,1286,1276,2562
79147,Tiriolo,1842,1904,3746
79148,Torre di Ruggiero,450,522,972
79151,Vallefiorita,751,867,1618
79157,Zagarise,740,786,1526
79160,Lamezia Terme,34529,35658,70187
69001,Altino,1512,1607,3119
69002,Archi,1012,1085,2097
69003,Ari,558,550,1108
69004,Arielli,529,587,1116
69005,Atessa,5164,5403,10567
69006,Bomba,372,384,756
69007,Borrello,158,164,322
69008,Bucchianico,2474,2599,5073
69009,Montebello sul Sangro,34,47,81
69010,Canosa Sannita,635,671,1306
69011,Carpineto Sinello,273,276,549
69012,Carunchio,353,278,631
69013,Casacanditella,622,612,1234
69014,Casalanguida,415,452,867
69015,Casalbordino,2827,3145,5972
69016,Casalincontrada,1510,1541,3051
69017,Casoli,2690,2776,5466
69018,Castel Frentano,2110,2261,4371
69019,Castelguidone,168,176,344
69020,Castiglione Messer Marino,784,843,1627
69021,Celenza sul Trigno,407,439,846
69022,Chieti,24011,26274,50285
69023,Civitaluparella,159,151,310
69024,Civitella Messer Raimondo,398,409,807
69025,Colledimacine,95,76,171
69026,Colledimezzo,227,222,449
69027,Crecchio,1396,1373,2769
69028,Cupello,2354,2479,4833
69029,Dogliola,173,153,326
69030,Fara Filiorum Petri,974,1003,1977
69031,Fara San Martino,648,676,1324
69032,Filetto,425,458,883
69033,Fossacesia,3128,3174,6302
69034,Fraine,136,155,291
69035,Francavilla al Mare,12423,13687,26110
69036,Fresagrandinaria,444,483,927
69037,Frisa,839,846,1685
69038,Furci,411,459,870
69039,Gamberale,139,155,294
69040,Gessopalena,638,673,1311
69041,Gissi,1262,1380,2642
69042,Giuliano Teatino,596,602,1198
69043,Guardiagrele,4330,4490,8820
69044,Guilmi,217,203,420
69045,Lama dei Peligni,545,589,1134
69046,Lanciano,16834,18021,34855
69047,Lentella,329,327,656
69048,Lettopalena,184,145,329
69049,Liscia,350,328,678
69050,Miglianico,2362,2414,4776
69051,Montazzoli,453,454,907
69052,Monteferrante,57,61,118
69053,Montelapiano,38,44,82
69054,Montenerodomo,329,311,640
69055,Monteodorisio,1211,1217,2428
69056,Mozzagrogna,1184,1274,2458
69057,Orsogna,1814,1932,3746
69058,Ortona,11038,11749,22787
69059,Paglieta,2080,2128,4208
69060,Palena,646,646,1292
69061,Palmoli,430,413,843
69062,Palombaro,482,494,976
69063,Pennadomo,104,115,219
69064,Pennapiedimonte,218,227,445
69065,Perano,771,793,1564
69066,Pizzoferrato,525,481,1006
69067,Poggiofiorito,401,434,835
69068,Pollutri,1033,1098,2131
69069,Pretoro,422,449,871
69070,Quadri,358,389,747
69071,Rapino,616,642,1258
69072,Ripa Teatina,2050,2010,4060
69073,Roccamontepiano,821,814,1635
69074,Rocca San Giovanni,1164,1137,2301
69075,Roccascalegna,568,575,1143
69076,Roccaspinalveti,592,637,1229
69077,Roio del Sangro,43,51,94
69078,Rosello,101,117,218
69079,San Buono,483,428,911
69080,San Giovanni Lipioni,74,75,149
69081,San Giovanni Teatino,6990,7340,14330
69082,San Martino sulla Marrucina,454,443,897
69083,San Salvo,9945,10023,19968
69084,Santa Maria Imbaro,1066,1008,2074
69085,Sant'Eusanio del Sangro,1162,1195,2357
69086,San Vito Chietino,2632,2688,5320
69087,Scerni,1520,1607,3127
69088,Schiavi di Abruzzo,340,392,732
69089,Taranta Peligna,175,177,352
69090,Tollo,1996,2035,4031
69091,Torino di Sangro,1494,1512,3006
69092,Tornareccio,860,866,1726
69093,Torrebruna,369,407,776
69094,Torrevecchia Teatina,2101,2121,4222
69095,Torricella Peligna,581,671,1252
69096,Treglio,820,869,1689
69097,Tufillo,180,196,376
69098,Vacri,792,817,1609
69099,Vasto,20192,21214,41406
69100,Villalfonsina,453,463,916
69101,Villamagna,1136,1124,2260
69102,Villa Santa Maria,645,631,1276
69103,Pietraferrazzana,62,69,131
69104,Fallo,66,54,120
13003,Albavilla,3121,3279,6400
13004,Albese con Cassano,2063,2159,4222
13005,Albiolo,1374,1356,2730
13006,Alserio,649,645,1294
13007,Alzate Brianza,2447,2453,4900
13009,Anzano del Parco,908,927,1835
13010,Appiano Gentile,3773,3994,7767
13011,Argegno,337,342,679
13012,Arosio,2519,2644,5163
13013,Asso,1745,1827,3572
13015,Barni,291,291,582
13021,Bene Lario,170,159,329
13022,Beregazzo con Figliaro,1346,1434,2780
13023,Binago,2397,2395,4792
13024,Bizzarone,854,868,1722
13025,Blessagno,150,136,286
13026,Blevio,575,642,1217
13028,Bregnano,3316,3263,6579
13029,Brenna,1109,1071,2180
13030,Brienno,157,173,330
13032,Brunate,841,844,1685
13034,Bulgarograsso,2058,2023,4081
13035,Cabiate,3788,3736,7524
13036,Cadorago,3989,4024,8013
13037,Caglio,242,252,494
13040,Campione d'Italia,964,1039,2003
13041,Cant 'f9,19590,20441,40031
13042,Canzo,2533,2655,5188
13043,Capiago Intimiano,2733,2840,5573
13044,Carate Urio,543,601,1144
13045,Carbonate,1511,1445,2956
13046,Carimate,2233,2258,4491
13047,Carlazzo,1528,1659,3187
13048,Carugo,3295,3354,6649
13052,Caslino d'Erba,812,853,1665
13053,Casnate con Bernate,2446,2538,4984
13055,Cassina Rizzardi,1636,1737,3373
13058,Castelmarte,650,607,1257
13059,Castelnuovo Bozzente,443,464,907
13062,Cavargna,104,99,203
13063,Cerano d'Intelvi,262,283,545
13064,Cermenate,4568,4697,9265
13065,Cernobbio,3179,3474,6653
13068,Cirimido,1099,1036,2135
13071,Claino con Osteno,299,269,568
13074,Colonno,250,249,499
13075,Como,41522,44393,85915
13077,Corrido,407,418,825
13083,Cremia,333,341,674
13084,Cucciago,1746,1749,3495
13085,Cusino,111,113,224
13087,Dizzasco,282,325,607
13089,Domaso,728,754,1482
13090,Dongo,1594,1695,3289
13092,Dosso del Liro,119,129,248
13095,Erba,7836,8499,16335
13097,Eupilio,1301,1317,2618
13098,Faggeto Lario,586,576,1162
13099,Faloppio,2360,2420,4780
13100,Fenegr 'f2,1617,1610,3227
13101,Figino Serenza,2539,2569,5108
13102,Fino Mornasco,4903,4947,9850
13106,Garzeno,349,359,708
13107,Gera Lario,522,513,1035
13110,Grandate,1370,1482,2852
13111,Grandola ed Uniti,669,656,1325
13113,Griante,306,314,620
13114,Guanzate,2903,2938,5841
13118,Inverigo,4521,4677,9198
13119,Laglio,431,460,891
13120,Laino,266,265,531
13121,Lambrugo,1245,1244,2489
13123,Lasnigo,237,234,471
13126,Lezzeno,992,1032,2024
13128,Limido Comasco,1946,1952,3898
13129,Lipomo,2946,3031,5977
13130,Livo,95,71,166
13131,Locate Varesino,2159,2178,4337
13133,Lomazzo,4919,5172,10091
13134,Longone al Segrino,959,978,1937
13135,Luisago,1376,1391,2767
13136,Lurago d'Erba,2720,2762,5482
13137,Lurago Marinone,1310,1286,2596
13138,Lurate Caccivio,4848,5032,9880
13139,Magreglio,331,321,652
13143,Mariano Comense,12500,12853,25353
13144,Maslianico,1608,1661,3269
13145,Menaggio,1537,1587,3124
13147,Merone,2037,2055,4092
13152,Moltrasio,771,825,1596
13153,Monguzzo,1185,1193,2378
13154,Montano Lucino,2609,2731,5340
13155,Montemezzo,114,107,221
13157,Montorfano,1245,1355,2600
13159,Mozzate,4353,4436,8789
13160,Musso,484,474,958
13161,Nesso,591,611,1202
13163,Novedrate,1462,1401,2863
13165,Olgiate Comasco,5780,6030,11810
13169,Oltrona di San Mamette,1185,1219,2404
13170,Orsenigo,1353,1350,2703
13178,Peglio,93,93,186
13183,Pianello del Lario,515,547,1062
13184,Pigra,117,120,237
13185,Plesio,431,403,834
13186,Pognana Lario,337,355,692
13187,Ponna,118,115,233
13188,Ponte Lambro,2158,2206,4364
13189,Porlezza,2421,2526,4947
13192,Proserpio,472,472,944
13193,Pusiano,674,709,1383
13195,Rezzago,158,147,305
13197,Rodero,661,647,1308
13199,Ronago,847,868,1715
13201,Rovellasca,3915,4030,7945
13202,Rovello Porro,3035,3196,6231
13203,Sala Comacina,247,261,508
13204,San Bartolomeo Val Cavargna,481,510,991
13206,San Fermo della Battaglia,3815,4044,7859
13207,San Nazzaro Val Cavargna,155,135,290
13211,Schignano,457,413,870
13212,Senna Comasco,1589,1569,3158
13216,Sorico,614,620,1234
13217,Sormano,355,285,640
13218,Stazzona,317,300,617
13222,Tavernerio,2791,2964,5755
13223,Torno,558,592,1150
13226,Trezzone,124,108,232
13227,Turate,4734,4807,9541
13228,Uggiate-Trevano,2418,2522,4940
13229,Valbrona,1326,1339,2665
13232,Valmorea,1339,1348,2687
13233,Val Rezzo,84,78,162
13234,Valsolda,736,763,1499
13236,Veleso,104,96,200
13238,Veniano,1523,1541,3064
13239,Vercana,379,377,756
13242,Vertemate con Minoprio,2060,2116,4176
13245,Villa Guardia,3930,4108,8038
13246,Zelbio,106,91,197
13248,San Siro,859,893,1752
13249,Gravedona ed Uniti,2020,2133,4153
13250,Bellagio,1752,1942,3694
13251,Colverde,2689,2793,5482
13252,Tremezzina,2523,2600,5123
13253,Alta Valle Intelvi,1477,1472,2949
13254,Centro Valle Intelvi,1791,1807,3598
13255,Solbiate con Cagno,2325,2396,4721
78001,Acquaformosa,526,538,1064
78002,Acquappesa,887,916,1803
78003,Acri,9659,10290,19949
78004,Aiello Calabro,782,825,1607
78005,Aieta,381,386,767
78006,Albidona,606,637,1243
78007,Alessandria del Carretto,205,179,384
78008,Altilia,364,320,684
78009,Altomonte,2116,2204,4320
78010,Amantea,6859,7216,14075
78011,Amendolara,1433,1421,2854
78012,Aprigliano,1316,1374,2690
78013,Belmonte Calabro,923,993,1916
78014,Belsito,459,455,914
78015,Belvedere Marittimo,4395,4871,9266
78016,Bianchi,640,617,1257
78017,Bisignano,5025,5122,10147
78018,Bocchigliero,551,630,1181
78019,Bonifati,1310,1423,2733
78020,Buonvicino,1028,1117,2145
78021,Calopezzati,654,684,1338
78022,Caloveto,579,593,1172
78023,Campana,788,841,1629
78024,Canna,321,359,680
78025,Cariati,3864,4093,7957
78026,Carolei,1658,1622,3280
78027,Carpanzano,109,117,226
78029,Cassano all'Ionio,8857,8904,17761
78030,Castiglione Cosentino,1497,1377,2874
78031,Castrolibero,4644,4966,9610
78032,Castroregio,134,118,252
78033,Castrovillari,10403,11216,21619
78034,Celico,1404,1366,2770
78035,Cellara,238,245,483
78036,Cerchiara di Calabria,1168,1169,2337
78037,Cerisano,1510,1537,3047
78038,Cervicati,402,408,810
78039,Cerzeto,669,646,1315
78040,Cetraro,4886,4964,9850
78041,Civita,433,439,872
78042,Cleto,652,583,1235
78043,Colosimi,566,616,1182
78045,Cosenza,31241,35216,66457
78046,Cropalati,519,513,1032
78047,Crosia,4903,5060,9963
78048,Diamante,2515,2723,5238
78049,Dipignano,2112,2207,4319
78050,Domanico,460,475,935
78051,Fagnano Castello,1782,1913,3695
78052,Falconara Albanese,691,693,1384
78053,Figline Vegliaturo,560,592,1152
78054,Firmo,975,998,1973
78055,Fiumefreddo Bruzio,1436,1453,2889
78056,Francavilla Marittima,1383,1487,2870
78057,Frascineto,932,1047,1979
78058,Fuscaldo,4095,4073,8168
78059,Grimaldi,812,806,1618
78060,Grisolia,1102,1125,2227
78061,Guardia Piemontese,864,938,1802
78062,Lago,1212,1246,2458
78063,Laino Borgo,895,933,1828
78064,Laino Castello,365,426,791
78065,Lappano,456,453,909
78066,Lattarico,1958,1973,3931
78067,Longobardi,1175,1127,2302
78068,Longobucco,1420,1455,2875
78069,Lungro,1190,1174,2364
78070,Luzzi,4466,4629,9095
78071,Maier 'e0,597,601,1198
78072,Malito,375,378,753
78073,Malvito,879,872,1751
78074,Mandatoriccio,1349,1366,2715
78075,Mangone,964,940,1904
78076,Marano Marchesato,1674,1762,3436
78077,Marano Principato,1548,1581,3129
78078,Marzi,488,479,967
78079,Mendicino,4738,4713,9451
78080,Mongrassano,761,769,1530
78081,Montalto Uffugo,10010,10444,20454
78082,Montegiordano,827,879,1706
78083,Morano Calabro,2109,2153,4262
78084,Mormanno,1371,1427,2798
78085,Mottafollone,565,586,1151
78086,Nocara,168,186,354
78087,Oriolo,949,1044,1993
78088,Orsomarso,593,605,1198
78089,Paludi,524,507,1031
78090,Panettieri,154,162,316
78091,Paola,7472,8033,15505
78092,Papasidero,337,328,665
78093,Parenti,1051,1057,2108
78094,Paterno Calabro,703,680,1383
78096,Pedivigliano,385,422,807
78097,Piane Crati,688,723,1411
78098,Pietrafitta,594,621,1215
78099,Pietrapaola,501,565,1066
78100,Plataci,348,335,683
78101,Praia a Mare,3135,3499,6634
78102,Rende,17753,18497,36250
78103,Rocca Imperiale,1629,1683,3312
78104,Roggiano Gravina,3479,3648,7127
78105,Rogliano,2879,2758,5637
78106,Rose,2159,2195,4354
78107,Roseto Capo Spulico,956,960,1916
78109,Rota Greca,537,523,1060
78110,Rovito,1586,1557,3143
78111,San Basile,478,541,1019
78112,San Benedetto Ullano,725,739,1464
78113,San Cosmo Albanese,277,324,601
78114,San Demetrio Corone,1586,1696,3282
78115,San Donato di Ninea,600,635,1235
78116,San Fili,1315,1286,2601
78117,Sangineto,641,628,1269
78118,San Giorgio Albanese,668,696,1364
78119,San Giovanni in Fiore,8093,8578,16671
78120,San Lorenzo Bellizzi,281,293,574
78121,San Lorenzo del Vallo,1615,1589,3204
78122,San Lucido,3081,3142,6223
78123,San Marco Argentano,3651,3761,7412
78124,San Martino di Finita,483,502,985
78125,San Nicola Arcella,979,994,1973
78126,San Pietro in Amantea,251,255,506
78127,San Pietro in Guarano,1751,1822,3573
78128,San Sosti,1067,1031,2098
78129,Santa Caterina Albanese,575,617,1192
78130,Santa Domenica Talao,605,595,1200
78131,Sant'Agata di Esaro,900,886,1786
78132,Santa Maria del Cedro,2470,2554,5024
78133,Santa Sofia d'Epiro,1171,1236,2407
78134,Santo Stefano di Rogliano,822,869,1691
78135,San Vincenzo La Costa,1053,1062,2115
78136,Saracena,1774,1841,3615
78137,Scala Coeli,417,478,895
78138,Scalea,5727,5636,11363
78139,Scigliano,575,602,1177
78140,Serra d'Aiello,252,259,511
78142,Spezzano Albanese,3424,3495,6919
78143,Spezzano della Sila,2224,2175,4399
78145,Tarsia,978,970,1948
78146,Terranova da Sibari,2467,2455,4922
78147,Terravecchia,326,349,675
78148,Torano Castello,2275,2268,4543
78149,Tortora,2980,3133,6113
78150,Trebisacce,4316,4592,8908
78152,Vaccarizzo Albanese,522,564,1086
78153,Verbicaro,1391,1428,2819
78154,Villapiana,2719,2781,5500
78155,Zumpano,1323,1343,2666
78156,Casali del Manco,4857,4979,9836
78157,Corigliano-Rossano,38012,39084,77096
19001,Acquanegra Cremonese,567,596,1163
19002,Agnadello,1979,1938,3917
19003,Annicco,994,1017,2011
19004,Azzanello,293,315,608
19005,Bagnolo Cremasco,2460,2459,4919
19006,Bonemerse,730,737,1467
19007,Bordolano,296,284,580
19009,Calvatone,608,563,1171
19010,Camisano,620,619,1239
19011,Campagnola Cremasca,330,343,673
19012,Capergnanica,1082,1083,2165
19013,Cappella Cantone,267,281,548
19014,Cappella de' Picenardi,210,213,423
19015,Capralba,1169,1155,2324
19016,Casalbuttano ed Uniti,1848,1969,3817
19017,Casale Cremasco-Vidolasco,965,911,1876
19018,Casaletto Ceredano,578,567,1145
19019,Casaletto di Sopra,268,252,520
19020,Casaletto Vaprio,891,946,1837
19021,Casalmaggiore,7741,7740,15481
19022,Casalmorano,799,834,1633
19023,Casteldidone,300,273,573
19024,Castel Gabbiano,242,208,450
19025,Castelleone,4699,4755,9454
19026,Castelverde,2817,2854,5671
19027,Castelvisconti,158,149,307
19028,Cella Dati,240,239,479
19029,Chieve,1136,1144,2280
19030,Cicognolo,431,470,901
19031,Cingia de' Botti,601,594,1195
19032,Corte de' Cortesi con Cignone,548,527,1075
19033,Corte de' Frati,694,665,1359
19034,Credera Rubbiano,780,789,1569
19035,Crema,16696,17910,34606
19036,Cremona,35053,37619,72672
19037,Cremosano,882,848,1730
19038,Crotta d'Adda,327,316,643
19039,Cumignano sul Naviglio,226,207,433
19040,Derovere,157,145,302
19041,Dovera,1908,1901,3809
19043,Fiesco,601,618,1219
19044,Formigara,518,528,1046
19045,Gabbioneta-Binanuova,441,440,881
19046,Gadesco-Pieve Delmona,960,960,1920
19047,Genivolta,580,564,1144
19048,Gerre de' Caprioli,676,660,1336
19049,Gombito,335,292,627
19050,Grontardo,765,746,1511
19051,Grumello Cremonese ed Uniti,868,862,1730
19052,Gussola,1335,1362,2697
19053,Isola Dovarese,566,573,1139
19054,Izano,994,974,1968
19055,Madignano,1411,1407,2818
19056,Malagnino,840,878,1718
19057,Martignana di Po,1053,1031,2084
19058,Monte Cremasco,1133,1146,2279
19059,Montodine,1245,1246,2491
19060,Moscazzano,381,369,750
19061,Motta Baluffi,426,411,837
19062,Offanengo,3020,3080,6100
19063,Olmeneta,444,483,927
19064,Ostiano,1404,1421,2825
19065,Paderno Ponchielli,712,692,1404
19066,Palazzo Pignano,1938,1888,3826
19067,Pandino,4472,4539,9011
19068,Persico Dosimo,1693,1690,3383
19069,Pescarolo ed Uniti,755,763,1518
19070,Pessina Cremonese,317,292,609
19072,Pianengo,1279,1248,2527
19073,Pieranica,572,558,1130
19074,Pieve d'Olmi,632,637,1269
19075,Pieve San Giacomo,783,814,1597
19076,Pizzighettone,3104,3281,6385
19077,Pozzaglio ed Uniti,736,705,1441
19078,Quintano,443,451,894
19079,Ricengo,906,867,1773
19080,Ripalta Arpina,516,485,1001
19081,Ripalta Cremasca,1716,1701,3417
19082,Ripalta Guerina,282,244,526
19083,Rivarolo del Re ed Uniti,949,920,1869
19084,Rivolta d'Adda,4015,4162,8177
19085,Robecco d'Oglio,1092,1195,2287
19086,Romanengo,1555,1614,3169
19087,Salvirola,575,576,1151
19088,San Bassano,1056,1126,2182
19089,San Daniele Po,662,657,1319
19090,San Giovanni in Croce,930,980,1910
19091,San Martino del Lago,199,207,406
19092,Scandolara Ravara,668,679,1347
19093,Scandolara Ripa d'Oglio,282,263,545
19094,Sergnano,1777,1765,3542
19095,Sesto ed Uniti,1603,1663,3266
19096,Solarolo Rainerio,467,473,940
19097,Soncino,3727,3874,7601
19098,Soresina,4321,4536,8857
19099,Sospiro,1568,1559,3127
19100,Spinadesco,735,756,1491
19101,Spineda,307,309,616
19102,Spino d'Adda,3436,3446,6882
19103,Stagno Lombardo,743,759,1502
19104,Ticengo,206,214,420
19105,Torlino Vimercati,235,238,473
19106,Tornata,253,205,458
19107,Torre de' Picenardi,1040,1039,2079
19108,Torricella del Pizzo,301,291,592
19109,Trescore Cremasco,1388,1421,2809
19110,Trigolo,807,881,1688
19111,Vaiano Cremasco,1820,1835,3655
19112,Vailate,2273,2254,4527
19113,Vescovato,1928,1963,3891
19114,Volongo,247,240,487
19115,Voltido,176,164,340
19116,Piadena Drizzona,1960,1999,3959
101001,Belvedere di Spinello,1055,1112,2167
101002,Caccuri,787,817,1604
101003,Carfizzi,257,295,552
101004,Casabona,1185,1309,2494
101005,Castelsilano,465,470,935
101006,Cerenzia,529,542,1071
101007,Cir 'f2,1249,1394,2643
101008,Cir 'f2 Marina,7088,7459,14547
101009,Cotronei,2645,2780,5425
101010,Crotone,31559,30890,62449
101011,Crucoli,1422,1556,2978
101012,Cutro,5059,5049,10108
101013,Isola di Capo Rizzuto,8955,8507,17462
101014,Melissa,1684,1714,3398
101015,Mesoraca,3043,3185,6228
101016,Pallagorio,515,547,1062
101017,Petilia Policastro,4447,4442,8889
101018,Roccabernarda,1628,1669,3297
101019,Rocca di Neto,2781,2811,5592
101020,San Mauro Marchesato,999,1044,2043
101021,San Nicola dell'Alto,353,389,742
101022,Santa Severina,976,1002,1978
101023,Savelli,557,579,1136
101024,Scandale,1446,1552,2998
101025,Strongoli,3136,3288,6424
101026,Umbriatico,401,394,795
101027,Verzino,816,885,1701
4001,Acceglio,77,79,156
4002,Aisone,108,108,216
4003,Alba,14982,16627,31609
4004,Albaretto della Torre,115,116,231
4005,Alto,67,70,137
4006,Argentera,38,38,76
4007,Arguello,106,94,200
4008,Bagnasco,487,530,1017
4009,Bagnolo Piemonte,2920,2980,5900
4010,Baldissero d'Alba,543,523,1066
4011,Barbaresco,306,309,615
4012,Barge,3768,3781,7549
4013,Barolo,321,359,680
4014,Bastia Mondov 'ec,326,317,643
4015,Battifollo,122,97,219
4016,Beinette,1716,1745,3461
4017,Bellino,55,46,101
4018,Belvedere Langhe,164,188,352
4019,Bene Vagienna,1859,1804,3663
4020,Benevello,238,243,481
4021,Bergolo,30,26,56
4022,Bernezzo,2071,2099,4170
4023,Bonvicino,50,50,100
4024,Borgomale,182,196,378
4025,Borgo San Dalmazzo,6091,6335,12426
4026,Bosia,86,88,174
4027,Bossolasco,305,331,636
4028,Boves,4821,4896,9717
4029,Bra,14410,15442,29852
4030,Briaglia,154,144,298
4031,Briga Alta,29,13,42
4032,Brondello,153,126,279
4033,Brossasco,520,505,1025
4034,Busca,5124,5040,10164
4035,Camerana,294,297,591
4037,Canale,2753,2807,5560
4038,Canosio,44,34,78
4039,Caprauna,49,43,92
4040,Caraglio,3372,3429,6801
4041,Caramagna Piemonte,1515,1542,3057
4042,Card 'e8,560,590,1150
4043,Carr 'f9,2149,2196,4345
4044,Cartignano,79,95,174
4045,Casalgrasso,725,693,1418
4046,Castagnito,1081,1126,2207
4047,Casteldelfino,77,78,155
4049,Castelletto Stura,679,695,1374
4050,Castelletto Uzzone,168,149,317
4051,Castellinaldo d'Alba,457,447,904
4052,Castellino Tanaro,153,143,296
4053,Castelmagno,38,21,59
4054,Castelnuovo di Ceva,52,55,107
4055,Castiglione Falletto,358,340,698
4056,Castiglione Tinella,409,430,839
4057,Castino,250,227,477
4058,Cavallerleone,359,306,665
4059,Cavallermaggiore,2695,2736,5431
4060,Celle di Macra,50,36,86
4061,Centallo,3604,3353,6957
4062,Ceresole Alba,1031,1000,2031
4063,Cerretto Langhe,222,198,420
4064,Cervasca,2580,2556,5136
4065,Cervere,1117,1123,2240
4066,Ceva,2788,2889,5677
4067,Cherasco,4616,4752,9368
4068,Chiusa di Pesio,1808,1814,3622
4069,Cigli 'e8,93,88,181
4070,Cissone,50,36,86
4071,Clavesana,394,415,809
4072,Corneliano d'Alba,1063,1103,2166
4073,Cortemilia,1086,1183,2269
4074,Cossano Belbo,479,461,940
4075,Costigliole Saluzzo,1694,1624,3318
4076,Cravanzana,180,193,373
4077,Crissolo,90,68,158
4078,Cuneo,26918,29285,56203
4079,Demonte,993,921,1914
4080,Diano d'Alba,1828,1810,3638
4081,Dogliani,2324,2353,4677
4082,Dronero,3442,3602,7044
4083,Elva,50,39,89
4084,Entracque,475,372,847
4085,Envie,977,990,1967
4086,Farigliano,860,874,1734
4087,Faule,236,239,475
4088,Feisoglio,146,152,298
4089,Fossano,12245,12232,24477
4090,Frabosa Soprana,404,341,745
4091,Frabosa Sottana,847,717,1564
4092,Frassino,149,120,269
4093,Gaiola,298,278,576
4094,Gambasca,182,159,341
4095,Garessio,1454,1533,2987
4096,Genola,1303,1306,2609
4097,Gorzegno,130,134,264
4098,Gottasecca,64,65,129
4099,Govone,1105,1189,2294
4100,Grinzane Cavour,997,1020,2017
4101,Guarene,1771,1818,3589
4102,Igliano,32,34,66
4103,Isasca,45,33,78
4104,Lagnasco,731,697,1428
4105,La Morra,1387,1351,2738
4106,Lequio Berria,247,204,451
4107,Lequio Tanaro,390,372,762
4108,Lesegno,423,411,834
4109,Levice,102,94,196
4110,Limone Piemonte,745,711,1456
4111,Lisio,92,97,189
4112,Macra,23,26,49
4113,Magliano Alfieri,1073,1147,2220
4114,Magliano Alpi,1092,1118,2210
4115,Mango,656,657,1313
4116,Manta,1864,1956,3820
4117,Marene,1651,1639,3290
4118,Margarita,692,729,1421
4119,Marmora,32,28,60
4120,Marsaglia,108,113,221
4121,Martiniana Po,389,349,738
4122,Melle,158,126,284
4123,Moiola,120,103,223
4124,Mombarcaro,129,133,262
4125,Mombasiglio,282,322,604
4126,Monastero di Vasco,617,671,1288
4127,Monasterolo Casotto,44,38,82
4128,Monasterolo di Savigliano,679,700,1379
4129,Monchiero,294,278,572
4130,Mondov 'ec,10886,11474,22360
4131,Monesiglio,281,329,610
4132,Monforte d'Alba,972,1007,1979
4133,Mont 'e0,2239,2448,4687
4134,Montaldo di Mondov 'ec,272,272,544
4135,Montaldo Roero,420,431,851
4136,Montanera,378,363,741
4137,Montelupo Albese,234,244,478
4138,Montemale di Cuneo,114,112,226
4139,Monterosso Grana,280,241,521
4140,Monteu Roero,811,783,1594
4141,Montezemolo,124,105,229
4142,Monticello d'Alba,1153,1212,2365
4143,Moretta,2015,2054,4069
4144,Morozzo,1014,1007,2021
4145,Murazzano,423,428,851
4146,Murello,468,465,933
4147,Narzole,1753,1796,3549
4148,Neive,1642,1721,3363
4149,Neviglie,179,184,363
4150,Niella Belbo,186,177,363
4151,Niella Tanaro,518,482,1000
4152,Novello,489,483,972
4153,Nucetto,195,202,397
4154,Oncino,49,33,82
4155,Ormea,792,765,1557
4156,Ostana,52,37,89
4157,Paesana,1337,1345,2682
4158,Pagno,287,281,568
4159,Pamparato,152,131,283
4160,Paroldo,98,106,204
4161,Perletto,145,123,268
4162,Perlo,58,54,112
4163,Peveragno,2761,2837,5598
4164,Pezzolo Valle Uzzone,166,163,329
4165,Pianfei,1066,1035,2101
4166,Piasco,1367,1383,2750
4167,Pietraporzio,40,36,76
4168,Piobesi d'Alba,695,700,1395
4169,Piozzo,484,498,982
4170,Pocapaglia,1653,1680,3333
4171,Polonghera,537,571,1108
4172,Pontechianale,86,80,166
4173,Pradleves,119,116,235
4174,Prazzo,84,88,172
4175,Priero,241,249,490
4176,Priocca,1002,1017,2019
4177,Priola,351,330,681
4178,Prunetto,216,208,424
4179,Racconigi,4921,4987,9908
4180,Revello,2144,2109,4253
4181,Rifreddo,525,531,1056
4182,Rittana,48,61,109
4183,Roaschia,49,49,98
4184,Roascio,48,46,94
4185,Robilante,1100,1123,2223
4186,Roburent,242,232,474
4187,Roccabruna,742,793,1535
4188,Rocca Cigli 'e8,61,69,130
4189,Rocca de' Baldi,811,797,1608
4190,Roccaforte Mondov 'ec,1125,996,2121
4191,Roccasparvera,378,365,743
4192,Roccavione,1327,1341,2668
4193,Rocchetta Belbo,83,73,156
4194,Roddi,812,795,1607
4195,Roddino,232,188,420
4196,Rodello,468,490,958
4197,Rossana,434,397,831
4198,Ruffia,187,167,354
4199,Sale delle Langhe,245,230,475
4200,Sale San Giovanni,81,81,162
4201,Saliceto,609,636,1245
4202,Salmour,380,338,718
4203,Saluzzo,8571,8955,17526
4204,Sambuco,42,43,85
4205,Sampeyre,503,495,998
4206,San Benedetto Belbo,80,83,163
4207,San Damiano Macra,207,200,407
4208,Sanfr 'e8,1487,1527,3014
4209,Sanfront,1169,1171,2340
4210,San Michele Mondov 'ec,921,966,1887
4211,Sant'Albano Stura,1212,1147,2359
4212,Santa Vittoria d'Alba,1424,1437,2861
4213,Santo Stefano Belbo,1968,1991,3959
4214,Santo Stefano Roero,651,723,1374
4215,Savigliano,10570,11095,21665
4216,Scagnello,86,96,182
4217,Scarnafigi,1086,1047,2133
4218,Serralunga d'Alba,288,273,561
4219,Serravalle Langhe,162,138,300
4220,Sinio,250,243,493
4221,Somano,166,157,323
4222,Sommariva del Bosco,3139,3206,6345
4223,Sommariva Perno,1322,1401,2723
4224,Stroppo,47,54,101
4225,Tarantasca,1109,1044,2153
4226,Torre Bormida,86,79,165
4227,Torre Mondov 'ec,250,240,490
4228,Torre San Giorgio,353,378,731
4229,Torresina,21,25,46
4230,Treiso,391,382,773
4231,Trezzo Tinella,164,148,312
4232,Trinit 'e0,1118,1117,2235
4233,Valdieri,476,432,908
4234,Valgrana,388,386,774
4235,Valloriate,61,43,104
4237,Venasca,668,716,1384
4238,Verduno,259,269,528
4239,Vernante,557,598,1155
4240,Verzuolo,3139,3282,6421
4241,Vezza d'Alba,1161,1152,2313
4242,Vicoforte,1542,1620,3162
4243,Vignolo,1295,1310,2605
4244,Villafalletto,1467,1469,2936
4245,Villanova Mondov 'ec,2849,2953,5802
4246,Villanova Solaro,386,359,745
4247,Villar San Costanzo,779,758,1537
4248,Vinadio,310,297,607
4249,Viola,189,175,364
4250,Vottignasco,256,245,501
86001,Agira,3943,4074,8017
86002,Aidone,2369,2305,4674
86003,Assoro,2482,2534,5016
86004,Barrafranca,5930,6650,12580
86005,Calascibetta,2086,2223,4309
86006,Catenanuova,2261,2375,4636
86007,Centuripe,2601,2671,5272
86008,Cerami,937,979,1916
86009,Enna,12714,13944,26658
86010,Gagliano Castelferrato,1662,1798,3460
86011,Leonforte,6224,6634,12858
86012,Nicosia,6437,6780,13217
86013,Nissoria,1483,1475,2958
86014,Piazza Armerina,10502,10937,21439
86015,Pietraperzia,3115,3516,6631
86016,Regalbuto,3496,3497,6993
86017,Sperlinga,344,368,712
86018,Troina,4324,4628,8952
86019,Valguarnera Caropepe,3483,3941,7424
86020,Villarosa,2188,2458,4646
109001,Altidona,1735,1811,3546
109002,Amandola,1710,1761,3471
109003,Belmonte Piceno,300,314,614
109004,Campofilone,964,970,1934
109005,Falerone,1633,1629,3262
109006,Fermo,17913,19075,36988
109007,Francavilla d'Ete,473,455,928
109008,Grottazzolina,1571,1718,3289
109009,Lapedona,584,588,1172
109010,Magliano di Tenna,699,719,1418
109011,Massa Fermana,441,472,913
109012,Monsampietro Morico,313,319,632
109013,Montappone,796,841,1637
109014,Montefalcone Appennino,198,201,399
109015,Montefortino,554,554,1108
109016,Monte Giberto,380,383,763
109017,Montegiorgio,3251,3368,6619
109018,Montegranaro,6348,6437,12785
109019,Monteleone di Fermo,200,166,366
109020,Montelparo,370,365,735
109021,Monte Rinaldo,170,166,336
109022,Monterubbiano,1031,1111,2142
109023,Monte San Pietrangeli,1146,1212,2358
109024,Monte Urano,4021,4062,8083
109025,Monte Vidon Combatte,187,222,409
109026,Monte Vidon Corrado,348,349,697
109027,Montottone,421,469,890
109028,Moresco,268,279,547
109029,Ortezzano,373,371,744
109030,Pedaso,1363,1469,2832
109031,Petritoli,1088,1148,2236
109032,Ponzano di Fermo,831,827,1658
109033,Porto San Giorgio,7590,8511,16101
109034,Porto Sant'Elpidio,12838,13557,26395
109035,Rapagnano,990,1013,2003
109036,Santa Vittoria in Matenano,625,658,1283
109037,Sant'Elpidio a Mare,8522,8659,17181
109038,Servigliano,1120,1123,2243
109039,Smerillo,174,159,333
109040,Torre San Patrizio,964,990,1954
38001,Argenta,10391,10974,21365
38003,Bondeno,6802,7263,14065
38004,Cento,17430,18019,35449
38005,Codigoro,5513,6028,11541
38006,Comacchio,10880,11225,22105
38007,Copparo,7639,8432,16071
38008,Ferrara,62511,69684,132195
38010,Jolanda di Savoia,1321,1432,2753
38011,Lagosanto,2319,2466,4785
38012,Masi Torello,1076,1224,2300
38014,Mesola,3245,3388,6633
38017,Ostellato,2893,2956,5849
38018,Poggio Renatico,4848,5036,9884
38019,Portomaggiore,5676,5914,11590
38022,Vigarano Mainarda,3735,3885,7620
38023,Voghiera,1775,1904,3679
38025,Goro,1765,1877,3642
38027,Fiscaglia,4230,4404,8634
38028,Terre del Reno,4837,5113,9950
38029,Riva del Po,3818,3952,7770
38030,Tresignana,3327,3633,6960
48001,Bagno a Ripoli,12172,13428,25600
48002,Barberino di Mugello,5445,5558,11003
48004,Borgo San Lorenzo,8872,9368,18240
48005,Calenzano,8860,9251,18111
48006,Campi Bisenzio,23326,24017,47343
48008,Capraia e Limite,3901,3970,7871
48010,Castelfiorentino,8562,9015,17577
48011,Cerreto Guidi,5275,5610,10885
48012,Certaldo,7803,8065,15868
48013,Dicomano,2800,2722,5522
48014,Empoli,23406,25428,48834
48015,Fiesole,6702,7300,14002
48017,Firenze,174017,198021,372038
48018,Firenzuola,2251,2266,4517
48019,Fucecchio,11280,11779,23059
48020,Gambassi Terme,2330,2460,4790
48021,Greve in Chianti,6659,6984,13643
48022,Impruneta,7057,7553,14610
48024,Lastra a Signa,9746,10236,19982
48025,Londa,974,891,1865
48026,Marradi,1519,1495,3014
48027,Montaione,1741,1814,3555
48028,Montelupo Fiorentino,6953,7388,14341
48030,Montespertoli,6646,6786,13432
48031,Palazzuolo sul Senio,577,550,1127
48032,Pelago,3766,3924,7690
48033,Pontassieve,9979,10622,20601
48035,Reggello,8219,8406,16625
48036,Rignano sull'Arno,4278,4316,8594
48037,Rufina,3604,3662,7266
48038,San Casciano in Val di Pesa,8135,8743,16878
48039,San Godenzo,535,559,1094
48041,Scandicci,24274,26512,50786
48043,Sesto Fiorentino,23371,25787,49158
48044,Signa,9258,9760,19018
48046,Vaglia,2582,2649,5231
48049,Vicchio,4095,4055,8150
48050,Vinci,7147,7544,14691
48052,Figline e Incisa Valdarno,11344,12090,23434
48053,Scarperia e San Piero,6003,6203,12206
48054,Barberino Tavarnelle,5962,6085,12047
71001,Accadia,1090,1187,2277
71002,Alberona,436,466,902
71003,Anzano di Puglia,564,621,1185
71004,Apricena,6436,6599,13035
71005,Ascoli Satriano,3085,3017,6102
71006,Biccari,1329,1367,2696
71007,Bovino,1539,1599,3138
71008,Cagnano Varano,3458,3536,6994
71009,Candela,1391,1341,2732
71010,Carapelle,3270,3303,6573
71011,Carlantino,460,456,916
71012,Carpino,1987,2021,4008
71013,Casalnuovo Monterotaro,702,732,1434
71014,Casalvecchio di Puglia,867,896,1763
71015,Castelluccio dei Sauri,1044,1053,2097
71016,Castelluccio Valmaggiore,603,650,1253
71017,Castelnuovo della Daunia,661,698,1359
71018,Celenza Valfortore,714,771,1485
71019,Celle di San Vito,85,79,164
71020,Cerignola,28951,29499,58450
71021,Chieuti,806,812,1618
71022,Deliceto,1816,1855,3671
71023,Faeto,300,314,614
71024,Foggia,73070,76834,149904
71025,Ischitella,2165,2208,4373
71026,Isole Tremiti,268,190,458
71027,Lesina,3136,3166,6302
71028,Lucera,15827,16679,32506
71029,Manfredonia,27773,28144,55917
71031,Mattinata,3044,3127,6171
71032,Monteleone di Puglia,503,474,977
71033,Monte Sant'Angelo,5820,6149,11969
71034,Motta Montecorvino,323,359,682
71035,Orsara di Puglia,1295,1309,2604
71036,Orta Nova,8577,8756,17333
71037,Panni,354,386,740
71038,Peschici,2211,2220,4431
71039,Pietramontecorvino,1269,1343,2612
71040,Poggio Imperiale,1299,1310,2609
71041,Rignano Garganico,937,1021,1958
71042,Rocchetta Sant'Antonio,868,899,1767
71043,Rodi Garganico,1759,1812,3571
71044,Roseto Valfortore,506,548,1054
71046,San Giovanni Rotondo,13189,13822,27011
71047,San Marco in Lamis,6460,6777,13237
71048,San Marco la Catola,460,465,925
71049,San Nicandro Garganico,7102,7676,14778
71050,San Paolo di Civitate,2787,2898,5685
71051,San Severo,25213,26605,51818
71052,Sant'Agata di Puglia,922,964,1886
71053,Serracapriola,1839,1967,3806
71054,Stornara,2885,2836,5721
71055,Stornarella,2565,2687,5252
71056,Torremaggiore,8409,8603,17012
71058,Troia,3388,3597,6985
71059,Vico del Gargano,3706,3882,7588
71060,Vieste,6898,6961,13859
71061,Volturara Appula,181,216,397
71062,Volturino,792,864,1656
71063,Ordona,1448,1421,2869
71064,Zapponeta,1758,1663,3421
40001,Bagno di Romagna,2801,2959,5760
40003,Bertinoro,5369,5636,11005
40004,Borghi,1461,1441,2902
40005,Castrocaro Terme e Terra del Sole,3093,3253,6346
40007,Cesena,47027,50163,97190
40008,Cesenatico,12582,13389,25971
40009,Civitella di Romagna,1817,1902,3719
40011,Dovadola,752,823,1575
40012,Forl 'ec,57118,60882,118000
40013,Forlimpopoli,6479,6781,13260
40014,Galeata,1220,1226,2446
40015,Gambettola,5201,5518,10719
40016,Gatteo,4601,4601,9202
40018,Longiano,3516,3679,7195
40019,Meldola,4922,5091,10013
40020,Mercato Saraceno,3452,3439,6891
40022,Modigliana,2198,2237,4435
40028,Montiano,854,872,1726
40031,Portico e San Benedetto,367,367,734
40032,Predappio,3130,3114,6244
40033,Premilcuore,366,357,723
40036,Rocca San Casciano,885,930,1815
40037,Roncofreddo,1704,1679,3383
40041,San Mauro Pascoli,5924,6138,12062
40043,Santa Sofia,1982,2098,4080
40044,Sarsina,1670,1702,3372
40045,Savignano sul Rubicone,8851,9097,17948
40046,Sogliano al Rubicone,1585,1596,3181
40049,Tredozio,567,585,1152
40050,Verghereto,904,880,1784
60001,Acquafondata,143,131,274
60002,Acuto,929,953,1882
60003,Alatri,13969,14466,28435
60004,Alvito,1293,1293,2586
60005,Amaseno,2149,2139,4288
60006,Anagni,10398,10754,21152
60007,Aquino,2546,2617,5163
60008,Arce,2782,2815,5597
60009,Arnara,1089,1198,2287
60010,Arpino,3413,3601,7014
60011,Atina,2062,2202,4264
60012,Ausonia,1272,1288,2560
60013,Belmonte Castello,361,339,700
60014,Boville Ernica,4263,4335,8598
60015,Broccostella,1338,1409,2747
60016,Campoli Appennino,820,840,1660
60017,Casalattico,252,279,531
60018,Casalvieri,1282,1299,2581
60019,Cassino,17916,18367,36283
60020,Castelliri,1663,1669,3332
60021,Castelnuovo Parano,427,443,870
60022,Castrocielo,1896,2015,3911
60023,Castro dei Volsci,2246,2394,4640
60024,Ceccano,11314,11788,23102
60025,Ceprano,4317,4439,8756
60026,Cervaro,3983,4124,8107
60027,Colfelice,914,954,1868
60028,Collepardo,473,448,921
60029,Colle San Magno,339,323,662
60030,Coreno Ausonio,777,801,1578
60031,Esperia,1925,1916,3841
60032,Falvaterra,280,263,543
60033,Ferentino,10380,10484,20864
60034,Filettino,268,242,510
60035,Fiuggi,5184,5419,10603
60036,Fontana Liri,1380,1433,2813
60037,Fontechiari,609,684,1293
60038,Frosinone,21797,23827,45624
60039,Fumone,1002,1046,2048
60040,Gallinaro,596,653,1249
60041,Giuliano di Roma,1195,1217,2412
60042,Guarcino,768,770,1538
60043,Isola del Liri,5384,5803,11187
60044,Monte San Giovanni Campano,6243,6237,12480
60045,Morolo,1650,1593,3243
60046,Paliano,4032,4114,8146
60047,Pastena,666,671,1337
60048,Patrica,1548,1577,3125
60049,Pescosolido,750,742,1492
60050,Picinisco,554,592,1146
60051,Pico,1362,1412,2774
60052,Piedimonte San Germano,3234,3230,6464
60053,Piglio,2246,2284,4530
60054,Pignataro Interamna,1219,1285,2504
60055,Pofi,2025,2034,4059
60056,Pontecorvo,6254,6500,12754
60057,Posta Fibreno,532,560,1092
60058,Ripi,2576,2647,5223
60059,Rocca d'Arce,468,469,937
60060,Roccasecca,3695,3631,7326
60061,San Biagio Saracinisco,153,162,315
60062,San Donato Val di Comino,952,1033,1985
60063,San Giorgio a Liri,1519,1573,3092
60064,San Giovanni Incarico,1586,1635,3221
60065,Sant'Ambrogio sul Garigliano,485,446,931
60066,Sant'Andrea del Garigliano,695,698,1393
60067,Sant'Apollinare,907,965,1872
60068,Sant'Elia Fiumerapido,2945,2976,5921
60069,Santopadre,641,636,1277
60070,San Vittore del Lazio,1274,1275,2549
60071,Serrone,1534,1481,3015
60072,Settefrati,350,370,720
60073,Sgurgola,1208,1305,2513
60074,Sora,12584,13186,25770
60075,Strangolagalli,1143,1228,2371
60076,Supino,2400,2428,4828
60077,Terelle,155,174,329
60078,Torre Cajetani,691,676,1367
60079,Torrice,2399,2427,4826
60080,Trevi nel Lazio,932,866,1798
60081,Trivigliano,805,833,1638
60082,Vallecorsa,1240,1283,2523
60083,Vallemaio,448,460,908
60084,Vallerotonda,735,745,1480
60085,Veroli,10072,10323,20395
60086,Vicalvi,356,390,746
60087,Vico nel Lazio,1063,1096,2159
60088,Villa Latina,599,613,1212
60089,Villa Santa Lucia,1288,1286,2574
60090,Villa Santo Stefano,835,864,1699
60091,Viticuso,152,156,308
10001,Arenzano,5352,5966,11318
10002,Avegno,1256,1269,2525
10003,Bargagli,1331,1282,2613
10004,Bogliasco,2127,2323,4450
10005,Borzonasca,1005,941,1946
10006,Busalla,2659,2733,5392
10007,Camogli,2480,2688,5168
10008,Campo Ligure,1432,1409,2841
10009,Campomorone,3241,3439,6680
10010,Carasco,1810,1933,3743
10011,Casarza Ligure,3336,3435,6771
10012,Casella,1595,1551,3146
10013,Castiglione Chiavarese,744,825,1569
10014,Ceranesi,1877,1858,3735
10015,Chiavari,12804,14921,27725
10016,Cicagna,1213,1162,2375
10017,Cogoleto,4281,4642,8923
10018,Cogorno,2815,2892,5707
10019,Coreglia Ligure,145,132,277
10020,Crocefieschi,282,241,523
10021,Davagna,956,886,1842
10022,Fascia,34,31,65
10023,Favale di Malvaro,223,229,452
10024,Fontanigorda,130,123,253
10025,Genova,271796,302294,574090
10026,Gorreto,40,45,85
10027,Isola del Cantone,734,711,1445
10028,Lavagna,5850,6711,12561
10029,Leivi,1161,1228,2389
10030,Lorsica,212,210,422
10031,Lumarzo,758,746,1504
10032,Masone,1764,1829,3593
10033,Mele,1289,1352,2641
10034,Mezzanego,753,735,1488
10035,Mignanego,1774,1783,3557
10036,Moconesi,1224,1244,2468
10037,Moneglia,1282,1402,2684
10038,Montebruno,121,104,225
10039,Montoggio,1016,1006,2022
10040,Ne,1105,1098,2203
10041,Neirone,454,387,841
10042,Orero,275,252,527
10043,Pieve Ligure,1226,1259,2485
10044,Portofino,193,184,377
10045,Propata,73,64,137
10046,Rapallo,14005,15667,29672
10047,Recco,4534,5099,9633
10048,Rezzoaglio,469,480,949
10049,Ronco Scrivia,2088,2131,4219
10050,Rondanina,36,26,62
10051,Rossiglione,1266,1362,2628
10052,Rovegno,283,223,506
10053,San Colombano Certenoli,1326,1292,2618
10054,Santa Margherita Ligure,4139,4834,8973
10055,Sant'Olcese,2834,2912,5746
10056,Santo Stefano d'Aveto,547,510,1057
10057,Savignone,1530,1553,3083
10058,Serra Ricc 'f2,3832,3879,7711
10059,Sestri Levante,8561,9521,18082
10060,Sori,1965,2113,4078
10061,Tiglieto,268,245,513
10062,Torriglia,1103,1116,2219
10063,Tribogna,315,277,592
10064,Uscio,1074,1097,2171
10065,Valbrevenna,429,335,764
10066,Vobbia,197,173,370
10067,Zoagli,1173,1227,2400
31001,Capriva del Friuli,787,854,1641
31002,Cormons,3427,3870,7297
31003,Doberd 'f2 del Lago-Doberdob,653,698,1351
31004,Dolegna del Collio,175,154,329
31005,Farra d'Isonzo,826,848,1674
31006,Fogliano Redipuglia,1486,1554,3040
31007,Gorizia,16433,17601,34034
31008,Gradisca d'Isonzo,3061,3353,6414
31009,Grado,3864,4190,8054
31010,Mariano del Friuli,732,745,1477
31011,Medea,482,495,977
31012,Monfalcone,14678,14138,28816
31013,Moraro,345,365,710
31014,Mossa,738,814,1552
31015,Romans d'Isonzo,1804,1900,3704
31016,Ronchi dei Legionari,5834,6103,11937
31017,Sagrado,1072,1109,2181
31018,San Canzian d'Isonzo,3036,3133,6169
31019,San Floriano del Collio- '8ateverjan,380,375,755
31020,San Lorenzo Isontino,774,762,1536
31021,San Pier d'Isonzo,1012,977,1989
31022,Savogna d'Isonzo-Sovodnje ob So uc0 u269 i,882,819,1701
31023,Staranzano,3646,3680,7326
31024,Turriaco,1390,1467,2857
31025,Villesse,837,848,1685
53001,Arcidosso,2100,2183,4283
53002,Campagnatico,1205,1160,2365
53003,Capalbio,1934,2060,3994
53004,Castel del Piano,2388,2439,4827
53005,Castell'Azzara,667,730,1397
53006,Castiglione della Pescaia,3549,3657,7206
53007,Cinigiano,1233,1224,2457
53008,Civitella Paganico,1576,1533,3109
53009,Follonica,9821,11085,20906
53010,Gavorrano,4200,4281,8481
53011,Grosseto,39524,42854,82378
53012,Isola del Giglio,742,661,1403
53013,Magliano in Toscana,1640,1763,3403
53014,Manciano,3493,3735,7228
53015,Massa Marittima,3952,4345,8297
53016,Monte Argentario,6010,6362,12372
53017,Montieri,597,566,1163
53018,Orbetello,6963,7720,14683
53019,Pitigliano,1786,1946,3732
53020,Roccalbegna,478,473,951
53021,Roccastrada,4304,4588,8892
53022,Santa Fiora,1242,1293,2535
53023,Scansano,2214,2134,4348
53024,Scarlino,1970,1934,3904
53025,Seggiano,480,510,990
53026,Sorano,1570,1610,3180
53027,Monterotondo Marittimo,670,628,1298
53028,Semproniano,477,526,1003
8001,Airole,191,179,370
8002,Apricale,318,304,622
8003,Aquila d'Arroscia,80,73,153
8004,Armo,60,57,117
8005,Aurigo,168,165,333
8006,Badalucco,529,565,1094
8007,Bajardo,190,151,341
8008,Bordighera,4825,5548,10373
8009,Borghetto d'Arroscia,221,196,417
8010,Borgomaro,440,395,835
8011,Camporosso,2786,2830,5616
8012,Caravonica,149,116,265
8014,Castellaro,604,624,1228
8015,Castel Vittorio,144,130,274
8016,Ceriana,588,576,1164
8017,Cervo,541,597,1138
8018,Cesio,139,128,267
8019,Chiusanico,294,281,575
8020,Chiusavecchia,259,253,512
8021,Cipressa,604,622,1226
8022,Civezza,301,301,602
8023,Cosio d'Arroscia,86,101,187
8024,Costarainera,387,393,780
8025,Diano Arentino,335,349,684
8026,Diano Castello,1124,1151,2275
8027,Diano Marina,2700,3135,5835
8028,Diano San Pietro,556,550,1106
8029,Dolceacqua,1001,1067,2068
8030,Dolcedo,652,671,1323
8031,Imperia,20510,22104,42614
8032,Isolabona,339,347,686
8033,Lucinasco,160,122,282
8034,Mendatica,100,72,172
8035,Molini di Triora,325,289,614
8037,Montegrosso Pian Latte,57,56,113
8038,Olivetta San Michele,100,93,193
8039,Ospedaletti,1488,1666,3154
8040,Perinaldo,402,431,833
8041,Pietrabruna,227,222,449
8042,Pieve di Teco,651,695,1346
8043,Pigna,387,398,785
8044,Pompeiana,425,434,859
8045,Pontedassio,1149,1162,2311
8046,Pornassio,401,269,670
8047,Prel 'e0,248,228,476
8048,Ranzo,264,287,551
8049,Rezzo,154,160,314
8050,Riva Ligure,1403,1442,2845
8051,Rocchetta Nervina,155,141,296
8052,San Bartolomeo al Mare,1450,1612,3062
8053,San Biagio della Cima,610,656,1266
8054,San Lorenzo al Mare,602,658,1260
8055,Sanremo,26080,28770,54850
8056,Santo Stefano al Mare,1022,1064,2086
8057,Seborga,133,142,275
8058,Soldano,515,498,1013
8059,Taggia,6630,7404,14034
8060,Terzorio,113,119,232
8061,Triora,183,167,350
8062,Vallebona,655,638,1293
8063,Vallecrosia,3303,3617,6920
8064,Vasia,196,194,390
8065,Ventimiglia,11946,12396,24342
8066,Vessalico,134,111,245
8067,Villa Faraldi,230,230,460
8068,Montalto Carpasio,258,240,498
94001,Acquaviva d'Isernia,206,194,400
94002,Agnone,2426,2475,4901
94003,Bagnoli del Trigno,336,339,675
94004,Belmonte del Sannio,321,374,695
94005,Cantalupo nel Sannio,412,340,752
94006,Capracotta,432,405,837
94007,Carovilli,643,643,1286
94008,Carpinone,521,566,1087
94009,Castel del Giudice,162,149,311
94010,Castelpetroso,825,795,1620
94011,Castelpizzuto,92,65,157
94012,Castel San Vincenzo,244,237,481
94013,Castelverrino,63,42,105
94014,Cerro al Volturno,608,592,1200
94015,Chiauci,111,93,204
94016,Civitanova del Sannio,459,467,926
94017,Colli a Volturno,672,671,1343
94018,Conca Casale,85,88,173
94019,Filignano,310,300,610
94020,Forl 'ec del Sannio,316,327,643
94021,Fornelli,953,953,1906
94022,Frosolone,1504,1481,2985
94023,Isernia,10394,11191,21585
94024,Longano,322,341,663
94025,Macchia d'Isernia,555,510,1065
94026,Macchiagodena,884,872,1756
94027,Miranda,475,495,970
94028,Montaquila,1224,1161,2385
94029,Montenero Val Cocchiara,270,247,517
94030,Monteroduni,1001,1089,2090
94031,Pesche,858,810,1668
94032,Pescolanciano,412,417,829
94033,Pescopennataro,129,128,257
94034,Pettoranello del Molise,237,200,437
94035,Pietrabbondante,345,319,664
94036,Pizzone,164,147,311
94037,Poggio Sannita,310,308,618
94038,Pozzilli,1130,1136,2266
94039,Rionero Sannitico,557,512,1069
94040,Roccamandolfi,461,435,896
94041,Roccasicura,258,258,516
94042,Rocchetta a Volturno,556,542,1098
94043,San Pietro Avellana,214,237,451
94044,Sant'Agapito,690,691,1381
94045,Santa Maria del Molise,353,334,687
94046,Sant'Angelo del Pesco,180,179,359
94047,Sant'Elena Sannita,161,131,292
94048,Scapoli,321,321,642
94049,Sessano del Molise,343,364,707
94050,Sesto Campano,1078,1161,2239
94051,Vastogirardi,334,328,662
94052,Venafro,5469,5740,11209
66001,Acciano,166,146,312
66002,Aielli,719,750,1469
66003,Alfedena,500,417,917
66004,Anversa degli Abruzzi,161,164,325
66005,Ateleta,557,563,1120
66006,Avezzano,20429,21847,42276
66007,Balsorano,1676,1703,3379
66008,Barete,322,316,638
66009,Barisciano,841,871,1712
66010,Barrea,353,360,713
66011,Bisegna,95,114,209
66012,Bugnara,528,549,1077
66013,Cagnano Amiterno,623,637,1260
66014,Calascio,68,68,136
66015,Campo di Giove,391,388,779
66016,Campotosto,248,239,487
66017,Canistro,468,499,967
66018,Cansano,109,131,240
66019,Capestrano,424,450,874
66020,Capistrello,2465,2573,5038
66021,Capitignano,313,324,637
66022,Caporciano,106,103,209
66023,Cappadocia,315,239,554
66024,Carapelle Calvisio,44,42,86
66025,Carsoli,2591,2654,5245
66026,Castel del Monte,248,196,444
66027,Castel di Ieri,148,155,303
66028,Castel di Sangro,3409,3298,6707
66029,Castellafiume,556,517,1073
66030,Castelvecchio Calvisio,55,72,127
66031,Castelvecchio Subequo,400,470,870
66032,Celano,5458,5306,10764
66033,Cerchio,777,794,1571
66034,Civita d'Antino,486,480,966
66035,Civitella Alfedena,145,138,283
66036,Civitella Roveto,1600,1544,3144
66037,Cocullo,103,109,212
66038,Collarmele,404,467,871
66039,Collelongo,589,559,1148
66040,Collepietro,106,111,217
66041,Corfinio,511,501,1012
66042,Fagnano Alto,185,195,380
66043,Fontecchio,148,162,310
66044,Fossa,344,360,704
66045,Gagliano Aterno,123,128,251
66046,Gioia dei Marsi,900,842,1742
66047,Goriano Sicoli,277,249,526
66048,Introdacqua,1008,1051,2059
66049,L'Aquila,34261,35449,69710
66050,Lecce nei Marsi,763,824,1587
66051,Luco dei Marsi,3115,2987,6102
66052,Lucoli,475,435,910
66053,Magliano de' Marsi,1764,1837,3601
66054,Massa d'Albe,717,692,1409
66055,Molina Aterno,187,183,370
66056,Montereale,1186,1143,2329
66057,Morino,698,690,1388
66058,Navelli,283,248,531
66059,Ocre,566,560,1126
66060,Ofena,217,228,445
66061,Opi,201,192,393
66062,Oricola,634,638,1272
66063,Ortona dei Marsi,211,240,451
66064,Ortucchio,891,887,1778
66065,Ovindoli,609,587,1196
66066,Pacentro,567,562,1129
66067,Pereto,340,316,656
66068,Pescasseroli,1080,1046,2126
66069,Pescina,1922,2027,3949
66070,Pescocostanzo,589,545,1134
66071,Pettorano sul Gizio,738,673,1411
66072,Pizzoli,2251,2093,4344
66073,Poggio Picenze,508,555,1063
66074,Prata d'Ansidonia,237,226,463
66075,Pratola Peligna,3652,3773,7425
66076,Prezza,460,459,919
66077,Raiano,1289,1418,2707
66078,Rivisondoli,373,300,673
66079,Roccacasale,324,310,634
66080,Rocca di Botte,451,407,858
66081,Rocca di Cambio,252,228,480
66082,Rocca di Mezzo,720,714,1434
66083,Rocca Pia,95,85,180
66084,Roccaraso,800,804,1604
66085,San Benedetto dei Marsi,1919,1931,3850
66086,San Benedetto in Perillis,49,46,95
66087,San Demetrio ne' Vestini,951,980,1931
66088,San Pio delle Camere,335,334,669
66089,Sante Marie,559,586,1145
66090,Sant'Eusanio Forconese,180,200,380
66091,Santo Stefano di Sessanio,53,62,115
66092,San Vincenzo Valle Roveto,1072,1143,2215
66093,Scanno,864,898,1762
66094,Scontrone,285,259,544
66095,Scoppito,1906,1906,3812
66096,Scurcola Marsicana,1370,1411,2781
66097,Secinaro,171,160,331
66098,Sulmona,11252,12074,23326
66099,Tagliacozzo,3258,3349,6607
66100,Tione degli Abruzzi,143,142,285
66101,Tornimparte,1528,1496,3024
66102,Trasacco,3090,2982,6072
66103,Villalago,251,278,529
66104,Villa Santa Lucia degli Abruzzi,47,46,93
66105,Villa Sant'Angelo,218,244,462
66106,Villavallelonga,411,459,870
66107,Villetta Barrea,320,297,617
66108,Vittorito,396,450,846
11001,Ameglia,2132,2232,4364
11002,Arcola,5026,5334,10360
11003,Beverino,1160,1169,2329
11004,Bolano,3749,3928,7677
11005,Bonassola,401,435,836
11006,Borghetto di Vara,434,467,901
11007,Brugnato,640,650,1290
11008,Calice al Cornoviglio,551,536,1087
11009,Carro,256,264,520
11010,Carrodano,254,232,486
11011,Castelnuovo Magra,4100,4284,8384
11012,Deiva Marina,656,717,1373
11013,Follo,3107,3196,6303
11014,Framura,322,307,629
11015,La Spezia,44716,48572,93288
11016,Lerici,4754,5250,10004
11017,Levanto,2545,2823,5368
11018,Maissana,342,273,615
11019,Monterosso al Mare,647,755,1402
11020,Luni,4089,4232,8321
11021,Pignone,264,278,542
11022,Portovenere,1698,1722,3420
11023,Ricc 'f2 del Golfo di Spezia,1779,1849,3628
11024,Riomaggiore,709,720,1429
11025,Rocchetta di Vara,359,326,685
11026,Santo Stefano di Magra,4960,5051,10011
11027,Sarzana,10622,11526,22148
11028,Sesta Godano,664,665,1329
11029,Varese Ligure,924,958,1882
11030,Vernazza,384,395,779
11031,Vezzano Ligure,3538,3771,7309
11032,Zignago,248,249,497
59001,Aprilia,37053,37908,74961
59002,Bassiano,761,716,1477
59003,Campodimele,318,279,597
59004,Castelforte,2095,2230,4325
59005,Cisterna di Latina,18414,18719,37133
59006,Cori,5324,5416,10740
59007,Fondi,19738,19905,39643
59008,Formia,18242,19784,38026
59009,Gaeta,9701,10507,20208
59010,Itri,5394,5278,10672
59011,Latina,63098,66035,129133
59012,Lenola,2059,2102,4161
59013,Maenza,1518,1542,3060
59014,Minturno,9938,10352,20290
59015,Monte San Biagio,3201,3103,6304
59016,Norma,1864,1959,3823
59017,Pontinia,7447,7447,14894
59018,Ponza,1768,1628,3396
59019,Priverno,6891,7194,14085
59020,Prossedi,616,582,1198
59021,Roccagorga,2147,2188,4335
59022,Rocca Massima,575,540,1115
59023,Roccasecca dei Volsci,574,545,1119
59024,Sabaudia,10342,9788,20130
59025,San Felice Circeo,5335,4970,10305
59026,Santi Cosma e Damiano,3397,3469,6866
59027,Sermoneta,5026,5026,10052
59028,Sezze,12438,12350,24788
59029,Sonnino,3744,3759,7503
59030,Sperlonga,1615,1621,3236
59031,Spigno Saturnia,1411,1503,2914
59032,Terracina,22704,22714,45418
59033,Ventotene,405,343,748
75002,Alessano,3014,3267,6281
75003,Alezio,2685,2924,5609
75004,Alliste,3172,3442,6614
75005,Andrano,2289,2437,4726
75006,Aradeo,4375,4777,9152
75007,Arnesano,1987,2019,4006
75008,Bagnolo del Salento,887,928,1815
75009,Botrugno,1274,1420,2694
75010,Calimera,3225,3682,6907
75011,Campi Salentina,4832,5327,10159
75012,Cannole,840,835,1675
75013,Caprarica di Lecce,1142,1253,2395
75014,Carmiano,5811,6131,11942
75015,Carpignano Salentino,1852,1874,3726
75016,Casarano,9388,10414,19802
75017,Castri di Lecce,1390,1431,2821
75018,Castrignano de' Greci,1841,1988,3829
75019,Castrignano del Capo,2503,2732,5235
75020,Cavallino,6134,6631,12765
75021,Collepasso,2808,3011,5819
75022,Copertino,11476,12177,23653
75023,Corigliano d'Otranto,2689,3030,5719
75024,Corsano,2648,2679,5327
75025,Cursi,1972,2065,4037
75026,Cutrofiano,4213,4653,8866
75027,Diso,1387,1516,2903
75028,Gagliano del Capo,2472,2603,5075
75029,Galatina,12649,13809,26458
75030,Galatone,7378,7948,15326
75031,Gallipoli,9798,10384,20182
75032,Giuggianello,567,588,1155
75033,Giurdignano,956,992,1948
75034,Guagnano,2676,2894,5570
75035,Lecce,45713,50821,96534
75036,Lequile,4224,4480,8704
75037,Leverano,6805,7151,13956
75038,Lizzanello,5855,6146,12001
75039,Maglie,6594,7446,14040
75040,Martano,4286,4667,8953
75041,Martignano,805,825,1630
75042,Matino,5438,5841,11279
75043,Melendugno,4901,5100,10001
75044,Melissano,3364,3630,6994
75045,Melpignano,1072,1136,2208
75046,Miggiano,1609,1817,3426
75047,Minervino di Lecce,1668,1891,3559
75048,Monteroni di Lecce,6691,7088,13779
75049,Montesano Salentino,1283,1363,2646
75050,Morciano di Leuca,1465,1713,3178
75051,Muro Leccese,2346,2544,4890
75052,Nard 'f2,14904,16372,31276
75053,Neviano,2421,2691,5112
75054,Nociglia,1031,1184,2215
75055,Novoli,3699,4074,7773
75056,Ortelle,1139,1178,2317
75057,Otranto,2832,3019,5851
75058,Palmariggi,714,719,1433
75059,Parabita,4227,4629,8856
75060,Pat 'f9,783,872,1655
75061,Poggiardo,2829,3107,5936
75063,Racale,5293,5593,10886
75064,Ruffano,4618,5007,9625
75065,Salice Salentino,3895,4207,8102
75066,Salve,2158,2397,4555
75067,Sanarica,714,763,1477
75068,San Cesario di Lecce,3834,4225,8059
75069,San Donato di Lecce,2610,2999,5609
75070,Sannicola,2781,3002,5783
75071,San Pietro in Lama,1656,1852,3508
75072,Santa Cesarea Terme,1416,1567,2983
75073,Scorrano,3346,3510,6856
75074,Secl 'ec,880,978,1858
75075,Sogliano Cavour,1960,2024,3984
75076,Soleto,2550,2791,5341
75077,Specchia,2278,2444,4722
75078,Spongano,1697,1883,3580
75079,Squinzano,6695,7203,13898
75080,Sternatia,1037,1181,2218
75081,Supersano,2136,2160,4296
75082,Surano,741,851,1592
75083,Surbo,7277,7667,14944
75084,Taurisano,5618,6040,11658
75085,Taviano,5655,6150,11805
75086,Tiggiano,1431,1434,2865
75087,Trepuzzi,6852,7463,14315
75088,Tricase,8391,8949,17340
75089,Tuglie,2492,2705,5197
75090,Ugento,5949,6411,12360
75091,Uggiano la Chiesa,2053,2308,4361
75092,Veglie,6577,7120,13697
75093,Vernole,3359,3607,6966
75094,Zollino,904,1000,1904
75095,San Cassiano,991,1002,1993
75096,Castro,1103,1241,2344
75097,Porto Cesareo,3167,3126,6293
75098,Presicce-Acquarica,4655,5100,9755
97001,Abbadia Lariana,1556,1651,3207
97002,Airuno,1421,1381,2802
97003,Annone di Brianza,1158,1164,2322
97004,Ballabio,2087,2027,4114
97005,Barzago,1185,1203,2388
97006,Barzan 'f2,2502,2558,5060
97007,Barzio,606,678,1284
97008,Bellano,1713,1777,3490
97009,Bosisio Parini,1683,1703,3386
97010,Brivio,2267,2262,4529
97011,Bulciago,1462,1447,2909
97012,Calco,2708,2720,5428
97013,Calolziocorte,6733,7103,13836
97014,Carenno,700,714,1414
97015,Casargo,419,429,848
97016,Casatenovo,6438,6762,13200
97017,Cassago Brianza,2218,2156,4374
97018,Cassina Valsassina,273,254,527
97019,Castello di Brianza,1332,1271,2603
97020,Cernusco Lombardone,1892,1967,3859
97021,Cesana Brianza,1193,1200,2393
97022,Civate,1868,1911,3779
97023,Colico,3932,4028,7960
97024,Colle Brianza,894,851,1745
97025,Cortenova,589,582,1171
97026,Costa Masnaga,2382,2393,4775
97027,Crandola Valsassina,135,126,261
97028,Cremella,850,863,1713
97029,Cremeno,860,776,1636
97030,Dervio,1285,1329,2614
97031,Dolzago,1263,1295,2558
97032,Dorio,149,159,308
97033,Ello,570,636,1206
97034,Erve,336,355,691
97035,Esino Lario,374,383,757
97036,Galbiate,4156,4343,8499
97037,Garbagnate Monastero,1283,1229,2512
97038,Garlate,1370,1346,2716
97039,Imbersago,1248,1221,2469
97040,Introbio,990,972,1962
97042,Lecco,23294,24879,48173
97043,Lierna,1068,1071,2139
97044,Lomagna,2526,2581,5107
97045,Malgrate,2116,2196,4312
97046,Mandello del Lario,5020,5211,10231
97047,Margno,187,181,368
97048,Merate,7113,7744,14857
97049,Missaglia,4374,4413,8787
97050,Moggio,236,244,480
97051,Molteno,1807,1779,3586
97052,Monte Marenzo,954,950,1904
97053,Montevecchia,1351,1353,2704
97054,Monticello Brianza,2036,2122,4158
97055,Morterone,17,13,30
97056,Nibionno,1818,1850,3668
97057,Oggiono,4554,4680,9234
97058,Olgiate Molgora,3181,3262,6443
97059,Olginate,3491,3549,7040
97060,Oliveto Lario,626,616,1242
97061,Osnago,2363,2466,4829
97062,Paderno d'Adda,1901,1931,3832
97063,Pagnona,174,171,345
97064,Parlasco,68,66,134
97065,Pasturo,991,970,1961
97067,Perledo,441,453,894
97068,Pescate,1110,1113,2223
97069,Premana,1118,1087,2205
97070,Primaluna,1132,1147,2279
97071,Robbiate,3132,3229,6361
97072,Rogeno,1587,1518,3105
97074,Santa Maria Ho 'e8,1111,1066,2177
97075,Sirone,1143,1170,2313
97076,Sirtori,1416,1397,2813
97077,Sueglio,70,83,153
97078,Suello,871,900,1771
97079,Taceno,283,252,535
97082,Valgreghentino,1719,1725,3444
97083,Valmadrera,5608,5830,11438
97084,Varenna,370,372,742
97086,Vercurago,1349,1470,2819
97090,Vigan 'f2,1058,1051,2109
97091,Verderio,2795,2815,5610
97092,La Valletta Brianza,2343,2354,4697
97093,Valvarrone,267,263,530
49001,Bibbona,1639,1600,3239
49002,Campiglia Marittima,6142,6647,12789
49003,Campo nell'Elba,2364,2453,4817
49004,Capoliveri,2039,2064,4103
49005,Capraia Isola,220,172,392
49006,Castagneto Carducci,4409,4545,8954
49007,Cecina,13369,14780,28149
49008,Collesalvetti,8136,8461,16597
49009,Livorno,75362,81662,157024
49010,Marciana,1011,1116,2127
49011,Marciana Marina,965,987,1952
49012,Piombino,16023,17325,33348
49013,Porto Azzurro,1914,1794,3708
49014,Portoferraio,5790,6222,12012
49017,Rosignano Marittimo,14754,15918,30672
49018,San Vincenzo,3152,3535,6687
49019,Sassetta,225,240,465
49020,Suvereto,1510,1534,3044
49021,Rio,1696,1734,3430
98001,Abbadia Cerreto,139,131,270
98002,Bertonico,552,529,1081
98003,Boffalora d'Adda,909,860,1769
98004,Borghetto Lodigiano,2193,2170,4363
98005,Borgo San Giovanni,1226,1217,2443
98006,Brembio,1386,1335,2721
98008,Casaletto Lodigiano,1460,1448,2908
98009,Casalmaiocco,1590,1634,3224
98010,Casalpusterlengo,7498,7779,15277
98011,Caselle Landi,764,773,1537
98012,Caselle Lurani,1552,1471,3023
98013,Castelnuovo Bocca d'Adda,784,802,1586
98014,Castiglione d'Adda,2336,2322,4658
98015,Castiraga Vidardo,1459,1438,2897
98017,Cavenago d'Adda,1060,1085,2145
98018,Cervignano d'Adda,1099,1119,2218
98019,Codogno,7722,8272,15994
98020,Comazzo,1193,1100,2293
98021,Cornegliano Laudense,1415,1474,2889
98022,Corno Giovine,556,593,1149
98023,Cornovecchio,110,96,206
98024,Corte Palasio,798,754,1552
98025,Crespiatica,1168,1121,2289
98026,Fombio,1188,1136,2324
98027,Galgagnano,653,635,1288
98028,Graffignana,1294,1305,2599
98029,Guardamiglio,1368,1292,2660
98030,Livraga,1255,1256,2511
98031,Lodi,22100,23950,46050
98032,Lodi Vecchio,3714,3888,7602
98033,Maccastorna,37,30,67
98034,Mairago,690,693,1383
98035,Maleo,1504,1579,3083
98036,Marudo,921,858,1779
98037,Massalengo,2247,2188,4435
98038,Meleti,227,233,460
98039,Merlino,894,811,1705
98040,Montanaso Lombardo,1102,1153,2255
98041,Mulazzano,2921,2905,5826
98042,Orio Litta,992,1033,2025
98043,Ospedaletto Lodigiano,1030,956,1986
98044,Ossago Lodigiano,706,715,1421
98045,Pieve Fissiraga,861,871,1732
98046,Salerano sul Lambro,1280,1358,2638
98047,San Fiorano,931,917,1848
98048,San Martino in Strada,1889,1863,3752
98049,San Rocco al Porto,1647,1729,3376
98050,Sant'Angelo Lodigiano,6594,6759,13353
98051,Santo Stefano Lodigiano,945,944,1889
98052,Secugnago,952,1000,1952
98053,Senna Lodigiana,921,914,1835
98054,Somaglia,1914,1965,3879
98055,Sordio,1749,1711,3460
98056,Tavazzano con Villavesco,2915,3045,5960
98057,Terranova dei Passerini,463,452,915
98058,Turano Lodigiano,777,774,1551
98059,Valera Fratta,857,859,1716
98060,Villanova del Sillaro,962,885,1847
98061,Zelo Buon Persico,3650,3815,7465
98062,Castelgerundo,758,730,1488
46001,Altopascio,7748,7983,15731
46002,Bagni di Lucca,2878,2987,5865
46003,Barga,4796,4976,9772
46004,Borgo a Mozzano,3391,3512,6903
46005,Camaiore,15467,16646,32113
46006,Camporgiano,1046,1060,2106
46007,Capannori,23041,23733,46774
46008,Careggine,268,265,533
46009,Castelnuovo di Garfagnana,2821,3005,5826
46010,Castiglione di Garfagnana,873,882,1755
46011,Coreglia Antelminelli,2548,2642,5190
46013,Forte dei Marmi,3258,3855,7113
46014,Fosciandora,273,298,571
46015,Gallicano,1799,1819,3618
46017,Lucca,43169,46886,90055
46018,Massarosa,10858,11399,22257
46019,Minucciano,936,982,1918
46020,Molazzana,508,530,1038
46021,Montecarlo,2112,2260,4372
46022,Pescaglia,1698,1673,3371
46023,Piazza al Serchio,1083,1142,2225
46024,Pietrasanta,11031,12511,23542
46025,Pieve Fosciana,1233,1237,2470
46026,Porcari,4403,4508,8911
46027,San Romano in Garfagnana,673,711,1384
46028,Seravezza,6080,6691,12771
46030,Stazzema,1486,1510,2996
46031,Vagli Sotto,453,424,877
46033,Viareggio,29518,32471,61989
46034,Villa Basilica,779,761,1540
46035,Villa Collemandina,631,637,1268
46036,Fabbriche di Vergemoli,411,388,799
46037,Sillano Giuncugnano,500,525,1025
43002,Apiro,1019,1107,2126
43003,Appignano,1987,2134,4121
43004,Belforte del Chienti,918,934,1852
43005,Bolognola,76,67,143
43006,Caldarola,835,879,1714
43007,Camerino,3278,3398,6676
43008,Camporotondo di Fiastrone,240,277,517
43009,Castelraimondo,2167,2286,4453
43010,Castelsantangelo sul Nera,133,115,248
43011,Cessapalombo,217,241,458
43012,Cingoli,4852,5110,9962
43013,Civitanova Marche,20276,22248,42524
43014,Colmurano,594,625,1219
43015,Corridonia,7417,7737,15154
43016,Esanatoglia,910,1020,1930
43017,Fiastra,334,310,644
43019,Fiuminata,642,671,1313
43020,Gagliole,307,288,595
43021,Gualdo,369,393,762
43022,Loro Piceno,1083,1180,2263
43023,Macerata,19582,21581,41163
43024,Matelica,4610,4911,9521
43025,Mogliano,2200,2285,4485
43026,Montecassiano,3429,3539,6968
43027,Monte Cavallo,57,54,111
43028,Montecosaro,3630,3723,7353
43029,Montefano,1681,1720,3401
43030,Montelupone,1714,1758,3472
43031,Monte San Giusto,3789,3915,7704
43032,Monte San Martino,360,356,716
43033,Morrovalle,5002,5024,10026
43034,Muccia,418,447,865
43035,Penna San Giovanni,478,519,997
43036,Petriolo,936,945,1881
43038,Pieve Torina,671,686,1357
43039,Pioraco,498,539,1037
43040,Poggio San Vicino,109,120,229
43041,Pollenza,3160,3257,6417
43042,Porto Recanati,6364,6106,12470
43043,Potenza Picena,7791,8202,15993
43044,Recanati,10215,10919,21134
43045,Ripe San Ginesio,406,434,840
43046,San Ginesio,1591,1635,3226
43047,San Severino Marche,5904,6352,12256
43048,Sant'Angelo in Pontano,645,708,1353
43049,Sarnano,1496,1624,3120
43050,Sefro,223,213,436
43051,Serrapetrona,446,470,916
43052,Serravalle di Chienti,544,506,1050
43053,Tolentino,9137,9721,18858
43054,Treia,4538,4666,9204
43055,Urbisaglia,1260,1257,2517
43056,Ussita,187,203,390
43057,Visso,484,548,1032
43058,Valfornace,483,491,974
20001,Acquanegra sul Chiese,1398,1417,2815
20002,Asola,4900,5157,10057
20003,Bagnolo San Vito,2920,2949,5869
20007,Bozzolo,2029,2139,4168
20008,Canneto sull'Oglio,2154,2138,4292
20010,Casalmoro,1142,1090,2232
20011,Casaloldo,1372,1383,2755
20012,Casalromano,747,770,1517
20013,Castelbelforte,1622,1637,3259
20014,Castel d'Ario,2196,2345,4541
20015,Castel Goffredo,6326,6348,12674
20016,Castellucchio,2637,2600,5237
20017,Castiglione delle Stiviere,11825,11997,23822
20018,Cavriana,1868,1941,3809
20019,Ceresara,1294,1267,2561
20020,Commessaggio,533,580,1113
20021,Curtatone,7266,7724,14990
20022,Dosolo,1659,1714,3373
20024,Gazoldo degli Ippoliti,1544,1475,3019
20025,Gazzuolo,1073,1117,2190
20026,Goito,5036,5098,10134
20027,Gonzaga,4459,4449,8908
20028,Guidizzolo,2978,3022,6000
20029,Magnacavallo,736,739,1475
20030,Mantova,23295,26145,49440
20031,Marcaria,3181,3270,6451
20032,Mariana Mantovana,400,408,808
20033,Marmirolo,3813,3968,7781
20034,Medole,2061,2067,4128
20035,Moglia,2671,2756,5427
20036,Monzambano,2494,2483,4977
20037,Motteggiana,1301,1221,2522
20038,Ostiglia,3182,3380,6562
20039,Pegognaga,3454,3557,7011
20041,Piubega,873,852,1725
20042,Poggio Rusco,3262,3280,6542
20043,Pomponesco,834,866,1700
20044,Ponti sul Mincio,1140,1187,2327
20045,Porto Mantovano,8190,8463,16653
20046,Quingentole,540,584,1124
20047,Quistello,2643,2775,5418
20048,Redondesco,606,634,1240
20050,Rivarolo Mantovano,1232,1242,2474
20051,Rodigo,2613,2696,5309
20052,Roncoferraro,3410,3547,6957
20053,Roverbella,4323,4366,8689
20054,Sabbioneta,2044,2080,4124
20055,San Benedetto Po,3403,3487,6890
20056,San Giacomo delle Segnate,751,769,1520
20057,San Giorgio Bigarello,5871,6009,11880
20058,San Giovanni del Dosso,617,630,1247
20059,San Martino dall'Argine,824,854,1678
20060,Schivenoglia,567,565,1132
20061,Sermide e Felonica,3627,3632,7259
20062,Serravalle a Po,723,748,1471
20063,Solferino,1312,1374,2686
20064,Sustinente,985,1063,2048
20065,Suzzara,10587,10707,21294
20066,Viadana,10002,10054,20056
20068,Villimpenta,1053,1096,2149
20070,Volta Mantovana,3581,3749,7330
20071,Borgo Virgilio,7340,7464,14804
20072,Borgo Mantovano,2648,2843,5491
20073,Borgocarbonara,960,968,1928
45001,Aulla,5309,5648,10957
45002,Bagnone,887,901,1788
45003,Carrara,29931,32215,62146
45004,Casola in Lunigiana,470,524,994
45005,Comano,345,345,690
45006,Filattiera,1092,1151,2243
45007,Fivizzano,3659,3819,7478
45008,Fosdinovo,2317,2433,4750
45009,Licciana Nardi,2402,2468,4870
45010,Massa,33033,35481,68514
45011,Montignoso,5039,5276,10315
45012,Mulazzo,1151,1182,2333
45013,Podenzana,1073,1071,2144
45014,Pontremoli,3351,3748,7099
45015,Tresana,954,980,1934
45016,Villafranca in Lunigiana,2326,2349,4675
45017,Zeri,487,517,1004
77001,Accettura,850,868,1718
77002,Aliano,456,451,907
77003,Bernalda,6017,6098,12115
77004,Calciano,348,337,685
77005,Cirigliano,135,175,310
77006,Colobraro,558,573,1131
77007,Craco,337,331,668
77008,Ferrandina,4098,4210,8308
77009,Garaguso,512,513,1025
77010,Gorgoglione,463,448,911
77011,Grassano,2496,2482,4978
77012,Grottole,1052,1097,2149
77013,Irsina,2282,2350,4632
77014,Matera,29484,30927,60411
77015,Miglionico,1247,1200,2447
77016,Montalbano Jonico,3442,3546,6988
77017,Montescaglioso,4760,4856,9616
77018,Nova Siri,3368,3355,6723
77019,Oliveto Lucano,178,203,381
77020,Pisticci,8599,8833,17432
77021,Policoro,8717,9171,17888
77022,Pomarico,1985,2016,4001
77023,Rotondella,1229,1312,2541
77024,Salandra,1305,1348,2653
77025,San Giorgio Lucano,565,547,1112
77026,San Mauro Forte,700,705,1405
77027,Stigliano,1848,2066,3914
77028,Tricarico,2474,2539,5013
77029,Tursi,2463,2438,4901
77030,Valsinni,680,743,1423
77031,Scanzano Jonico,3815,3797,7612
83001,Alcara li Fusi,860,952,1812
83002,Al 'ec,351,359,710
83003,Al 'ec Terme,1183,1263,2446
83004,Antillo,430,430,860
83005,Barcellona Pozzo di Gotto,19903,21101,41004
83006,Basic 'f2,277,300,577
83007,Brolo,2788,3041,5829
83008,Capizzi,1460,1517,2977
83009,Capo d'Orlando,6253,6996,13249
83010,Capri Leone,2126,2293,4419
83011,Caronia,1508,1628,3136
83012,Casalvecchio Siculo,404,359,763
83013,Castel di Lucio,610,640,1250
83014,Castell'Umberto,1429,1536,2965
83015,Castelmola,538,556,1094
83016,Castroreale,1134,1202,2336
83017,Cesar 'f2,1107,1150,2257
83018,Condr 'f2,234,249,483
83019,Falcone,1327,1402,2729
83020,Ficarra,656,720,1376
83021,Fiumedinisi,661,671,1332
83022,Floresta,225,231,456
83023,Fondachelli-Fantina,551,470,1021
83024,Forza d'Agr 'f2,436,453,889
83025,Francavilla di Sicilia,1783,1942,3725
83026,Frazzan 'f2,297,324,621
83027,Furci Siculo,1557,1673,3230
83028,Furnari,1896,1952,3848
83029,Gaggi,1542,1639,3181
83030,Galati Mamertino,1102,1306,2408
83031,Gallodoro,164,178,342
83032,Giardini-Naxos,4420,4917,9337
83033,Gioiosa Marea,3346,3534,6880
83034,Graniti,736,719,1455
83035,Gualtieri Sicamin 'f2,773,884,1657
83036,Itala,755,813,1568
83037,Leni,352,337,689
83038,Letojanni,1388,1458,2846
83039,Librizzi,786,833,1619
83040,Limina,351,395,746
83041,Lipari,6543,6293,12836
83042,Longi,666,708,1374
83043,Malfa,492,495,987
83044,Malvagna,319,344,663
83045,Mandanici,268,289,557
83046,Mazzarr 'e0 Sant'Andrea,749,724,1473
83047,Mer 'ec,1165,1194,2359
83048,Messina,110029,119536,229565
83049,Milazzo,14934,15926,30860
83050,Militello Rosmarino,622,623,1245
83051,Mirto,446,481,927
83052,Mistretta,2120,2434,4554
83053,Moio Alcantara,331,356,687
83054,Monforte San Giorgio,1270,1364,2634
83055,Mongiuffi Melia,281,283,564
83056,Montagnareale,730,759,1489
83057,Montalbano Elicona,1013,1105,2118
83058,Motta Camastra,416,403,819
83059,Motta d'Affermo,339,346,685
83060,Naso,1733,1890,3623
83061,Nizza di Sicilia,1760,1868,3628
83062,Novara di Sicilia,601,650,1251
83063,Oliveri,1028,1077,2105
83064,Pace del Mela,3054,3155,6209
83065,Pagliara,547,592,1139
83066,Patti,6268,6798,13066
83067,Pettineo,626,648,1274
83068,Piraino,1907,1961,3868
83069,Raccuja,444,480,924
83070,Reitano,382,367,749
83071,Roccafiorita,90,97,187
83072,Roccalumera,1972,2101,4073
83073,Roccavaldina,514,542,1056
83074,Roccella Valdemone,296,301,597
83075,Rod 'ec Milici,969,1017,1986
83076,Rometta,3225,3312,6537
83077,San Filippo del Mela,3406,3501,6907
83078,San Fratello,1707,1759,3466
83079,San Marco d'Alunzio,898,966,1864
83080,San Pier Niceto,1318,1388,2706
83081,San Piero Patti,1315,1408,2723
83082,San Salvatore di Fitalia,556,663,1219
83083,Santa Domenica Vittoria,442,452,894
83084,Sant'Agata di Militello,5757,6452,12209
83085,Sant'Alessio Siculo,717,791,1508
83086,Santa Lucia del Mela,2254,2289,4543
83087,Santa Marina Salina,466,409,875
83088,Sant'Angelo di Brolo,1411,1501,2912
83089,Santa Teresa di Riva,4494,4927,9421
83090,San Teodoro,627,686,1313
83091,Santo Stefano di Camastra,2170,2405,4575
83092,Saponara,1859,1961,3820
83093,Savoca,840,892,1732
83094,Scaletta Zanclea,931,1027,1958
83095,Sinagra,1290,1311,2601
83096,Spadafora,2326,2501,4827
83097,Taormina,5249,5595,10844
83098,Torregrotta,3509,3849,7358
83099,Tortorici,2988,3057,6045
83100,Tripi,378,440,818
83101,Tusa,1341,1377,2718
83102,Ucria,456,513,969
83103,Valdina,638,660,1298
83104,Venetico,1910,2098,4008
83105,Villafranca Tirrena,3952,4415,8367
83106,Terme Vigliatore,3634,3732,7366
83107,Acquedolci,2713,2864,5577
83108,Torrenova,2201,2289,4490
15002,Abbiategrasso,15994,16861,32855
15005,Albairate,2346,2389,4735
15007,Arconate,3283,3411,6694
15009,Arese,9499,10184,19683
15010,Arluno,6128,6191,12319
15011,Assago,4542,4660,9202
15012,Bareggio,8492,8852,17344
15014,Basiano,1839,1863,3702
15015,Basiglio,3940,4144,8084
15016,Bellinzago Lombardo,1895,1973,3868
15019,Bernate Ticino,1511,1548,3059
15022,Besate,1024,1030,2054
15024,Binasco,3465,3780,7245
15026,Boffalora sopra Ticino,2031,2062,4093
15027,Bollate,17617,19144,36761
15032,Bresso,12747,13663,26410
15035,Bubbiano,1221,1217,2438
15036,Buccinasco,13155,13915,27070
15038,Buscate,2279,2369,4648
15040,Bussero,4061,4363,8424
15041,Busto Garolfo,6924,7054,13978
15042,Calvignasco,609,616,1225
15044,Cambiago,3568,3560,7128
15046,Canegrate,6148,6489,12637
15050,Carpiano,2147,2021,4168
15051,Carugate,7760,7918,15678
15055,Casarile,1985,2048,4033
15058,Casorezzo,2676,2793,5469
15059,Cassano d'Adda,9431,9731,19162
15060,Cassina de' Pecchi,6816,7200,14016
15061,Cassinetta di Lugagnano,905,951,1856
15062,Castano Primo,5567,5648,11215
15070,Cernusco sul Naviglio,16791,18189,34980
15071,Cerro al Lambro,2524,2577,5101
15072,Cerro Maggiore,7417,7804,15221
15074,Cesano Boscone,11674,12292,23966
15076,Cesate,7093,7364,14457
15077,Cinisello Balsamo,37309,38955,76264
15078,Cisliano,2421,2455,4876
15081,Cologno Monzese,23269,24761,48030
15082,Colturano,1038,1026,2064
15085,Corbetta,9124,9393,18517
15086,Cormano,9891,10625,20516
15087,Cornaredo,10072,10509,20581
15093,Corsico,16823,18215,35038
15096,Cuggiono,4077,4183,8260
15097,Cusago,2121,2142,4263
15098,Cusano Milanino,9022,9922,18944
15099,Dairago,3180,3263,6443
15101,Dresano,1488,1524,3012
15103,Gaggiano,4478,4727,9205
15105,Garbagnate Milanese,13218,13917,27135
15106,Gessate,4357,4408,8765
15108,Gorgonzola,10083,10752,20835
15110,Grezzago,1562,1509,3071
15112,Gudo Visconti,784,838,1622
15113,Inveruno,4225,4433,8658
15114,Inzago,5578,5743,11321
15115,Lacchiarella,4432,4644,9076
15116,Lainate,12833,13381,26214
15118,Legnano,29099,31237,60336
15122,Liscate,2104,2030,4134
15125,Locate di Triulzi,5072,5269,10341
15130,Magenta,11832,12556,24388
15131,Magnago,4591,4686,9277
15134,Marcallo con Casone,3022,3145,6167
15136,Masate,1821,1813,3634
15139,Mediglia,6132,6162,12294
15140,Melegnano,8720,9659,18379
15142,Melzo,8943,9727,18670
15144,Mesero,2126,2105,4231
15146,Milano,672557,723502,1396059
15150,Morimondo,522,535,1057
15151,Motta Visconti,3954,4124,8078
15154,Nerviano,8325,8817,17142
15155,Nosate,315,334,649
15157,Novate Milanese,9610,10497,20107
15158,Noviglio,2319,2258,4577
15159,Opera,6729,7371,14100
15164,Ossona,2172,2154,4326
15165,Ozzero,706,729,1435
15166,Paderno Dugnano,23017,24450,47467
15167,Pantigliate,2898,3023,5921
15168,Parabiago,13812,14284,28096
15169,Paullo,5557,5733,11290
15170,Pero,5628,5845,11473
15171,Peschiera Borromeo,11722,12222,23944
15172,Pessano con Bornago,4496,4591,9087
15173,Pieve Emanuele,7951,7968,15919
15175,Pioltello,18614,18612,37226
15176,Pogliano Milanese,4186,4212,8398
15177,Pozzo d'Adda,3173,3056,6229
15178,Pozzuolo Martesana,4195,4403,8598
15179,Pregnana Milanese,3667,3718,7385
15181,Rescaldina,7001,7216,14217
15182,Rho,24807,26516,51323
15183,Robecchetto con Induno,2393,2460,4853
15184,Robecco sul Naviglio,3358,3458,6816
15185,Rodano,2277,2309,4586
15188,Rosate,2907,2910,5817
15189,Rozzano,20656,21901,42557
15191,San Colombano al Lambro,3634,3818,7452
15192,San Donato Milanese,15901,16943,32844
15194,San Giorgio su Legnano,3289,3429,6718
15195,San Giuliano Milanese,19417,19668,39085
15200,Santo Stefano Ticino,2515,2518,5033
15201,San Vittore Olona,4021,4319,8340
15202,San Zenone al Lambro,2238,2228,4466
15204,Sedriano,6243,6241,12484
15205,Segrate,17662,18917,36579
15206,Senago,10680,10945,21625
15209,Sesto San Giovanni,39444,42397,81841
15210,Settala,3711,3728,7439
15211,Settimo Milanese,9832,10372,20204
15213,Solaro,6996,7106,14102
15219,Trezzano Rosa,2639,2626,5265
15220,Trezzano sul Naviglio,10377,10926,21303
15221,Trezzo sull'Adda,5942,6229,12171
15222,Tribiano,1841,1800,3641
15224,Truccazzano,3020,2836,5856
15226,Turbigo,3543,3621,7164
15229,Vanzago,4562,4796,9358
15230,Vaprio d'Adda,4656,4638,9294
15236,Vernate,1671,1644,3315
15237,Vignate,4597,4689,9286
15242,Vimodrone,8344,8809,17153
15243,Vittuone,4513,4763,9276
15244,Vizzolo Predabissi,1965,2042,4007
15247,Zibido San Giacomo,3442,3462,6904
15248,Villa Cortese,3031,3176,6207
15249,Vanzaghello,2540,2709,5249
15250,Baranzate,6351,5919,12270
15251,Vermezzo con Zelo,2834,2908,5742
36001,Bastiglia,2104,2135,4239
36002,Bomporto,5109,5090,10199
36003,Campogalliano,4309,4415,8724
36004,Camposanto,1613,1603,3216
36005,Carpi,35221,37406,72627
36006,Castelfranco Emilia,16589,16469,33058
36007,Castelnuovo Rangone,7590,7507,15097
36008,Castelvetro di Modena,5712,5599,11311
36009,Cavezzo,3381,3626,7007
36010,Concordia sulla Secchia,4061,4241,8302
36011,Fanano,1452,1518,2970
36012,Finale Emilia,7423,7791,15214
36013,Fiorano Modenese,8493,8655,17148
36014,Fiumalbo,598,608,1206
36015,Formigine,17067,17479,34546
36016,Frassinoro,923,926,1849
36017,Guiglia,2004,1925,3929
36018,Lama Mocogno,1332,1336,2668
36019,Maranello,8766,8886,17652
36020,Marano sul Panaro,2652,2631,5283
36021,Medolla,3034,3212,6246
36022,Mirandola,11673,12418,24091
36023,Modena,89916,96914,186830
36024,Montecreto,478,438,916
36025,Montefiorino,1077,1052,2129
36026,Montese,1627,1659,3286
36027,Nonantola,7975,8137,16112
36028,Novi di Modena,4989,5016,10005
36029,Palagano,1016,1060,2076
36030,Pavullo nel Frignano,8985,9061,18046
36031,Pievepelago,1169,1130,2299
36032,Polinago,801,804,1605
36033,Prignano sulla Secchia,1905,1848,3753
36034,Ravarino,3093,3117,6210
36035,Riolunato,360,325,685
36036,San Cesario sul Panaro,3247,3311,6558
36037,San Felice sul Panaro,5328,5516,10844
36038,San Possidonio,1704,1796,3500
36039,San Prospero,3068,2978,6046
36040,Sassuolo,19950,20884,40834
36041,Savignano sul Panaro,4551,4738,9289
36042,Serramazzoni,4344,4184,8528
36043,Sestola,1216,1242,2458
36044,Soliera,7597,7970,15567
36045,Spilamberto,6370,6456,12826
36046,Vignola,12499,13218,25717
36047,Zocca,2315,2276,4591
108001,Agrate Brianza,7668,7937,15605
108002,Aicurzio,1061,1064,2125
108003,Albiate,3115,3290,6405
108004,Arcore,8795,9233,18028
108005,Barlassina,3413,3551,6964
108006,Bellusco,3673,3797,7470
108007,Bernareggio,5722,5563,11285
108008,Besana in Brianza,7704,7906,15610
108009,Biassono,5900,6364,12264
108010,Bovisio-Masciago,8341,8703,17044
108011,Briosco,3034,3057,6091
108012,Brugherio,17116,18139,35255
108013,Burago di Molgora,2066,2215,4281
108014,Camparada,1109,1048,2157
108015,Carate Brianza,8836,9210,18046
108016,Carnate,3726,3770,7496
108017,Cavenago di Brianza,3688,3705,7393
108018,Ceriano Laghetto,3271,3336,6607
108019,Cesano Maderno,19701,19817,39518
108020,Cogliate,4198,4344,8542
108021,Concorezzo,7717,8149,15866
108022,Correzzana,1530,1504,3034
108023,Desio,20623,21374,41997
108024,Giussano,13013,13168,26181
108025,Lazzate,3866,3916,7782
108026,Lesmo,4269,4289,8558
108027,Limbiate,17450,17736,35186
108028,Lissone,22785,23660,46445
108029,Macherio,3690,3799,7489
108030,Meda,11545,12033,23578
108031,Mezzago,2260,2231,4491
108032,Misinto,2822,2805,5627
108033,Monza,59497,64554,124051
108034,Muggi 'f2,11638,12109,23747
108035,Nova Milanese,11419,11929,23348
108036,Ornago,2576,2647,5223
108037,Renate,2033,2053,4086
108038,Ronco Briantino,1748,1792,3540
108039,Seregno,21904,23543,45447
108040,Seveso,11779,12203,23982
108041,Sovico,4104,4282,8386
108042,Sulbiate,2208,2155,4363
108043,Triuggio,4348,4365,8713
108044,Usmate Velate,5178,5282,10460
108045,Varedo,6648,7014,13662
108046,Vedano al Lambro,3639,3944,7583
108047,Veduggio con Colzano,2164,2140,4304
108048,Verano Brianza,4547,4670,9217
108049,Villasanta,6787,7272,14059
108050,Vimercate,12645,13596,26241
108051,Busnago,3366,3431,6797
108052,Caponago,2568,2620,5188
108053,Cornate d'Adda,5349,5357,10706
108054,Lentate sul Seveso,7949,8015,15964
108055,Roncello,2394,2386,4780
63001,Acerra,29310,30215,59525
63002,Afragola,31648,32706,64354
63003,Agerola,3821,3922,7743
63004,Anacapri,3449,3593,7042
63005,Arzano,16562,17239,33801
63006,Bacoli,12755,13357,26112
63007,Barano d'Ischia,4969,5093,10062
63008,Boscoreale,13413,13815,27228
63009,Boscotrecase,4931,5198,10129
63010,Brusciano,7952,8240,16192
63011,Caivano,18430,19024,37454
63012,Calvizzano,5878,6358,12236
63013,Camposano,2511,2715,5226
63014,Capri,3517,3615,7132
63015,Carbonara di Nola,1249,1249,2498
63016,Cardito,11005,11317,22322
63017,Casalnuovo di Napoli,23728,24969,48697
63018,Casamarciano,1577,1636,3213
63019,Casamicciola Terme,3899,4154,8053
63020,Casandrino,7310,6613,13923
63021,Casavatore,9076,9556,18632
63022,Casola di Napoli,1850,1941,3791
63023,Casoria,36866,39339,76205
63024,Castellammare di Stabia,31197,34103,65300
63025,Castello di Cisterna,3914,4043,7957
63026,Cercola,8512,9144,17656
63027,Cicciano,6192,6589,12781
63028,Cimitile,3420,3727,7147
63029,Comiziano,855,889,1744
63030,Crispano,6016,6151,12167
63031,Forio,8977,9051,18028
63032,Frattamaggiore,14230,15294,29524
63033,Frattaminore,7917,8139,16056
63034,Giugliano in Campania,61893,63165,125058
63035,Gragnano,14149,14672,28821
63036,Grumo Nevano,8880,8897,17777
63037,Ischia,10088,10157,20245
63038,Lacco Ameno,2307,2462,4769
63039,Lettere,3148,3044,6192
63040,Liveri,754,809,1563
63041,Marano di Napoli,28923,30653,59576
63042,Mariglianella,3931,4025,7956
63043,Marigliano,14289,15455,29744
63044,Massa Lubrense,7041,7267,14308
63045,Melito di Napoli,18557,19133,37690
63046,Meta,3796,4157,7953
63047,Monte di Procida,6105,6460,12565
63048,Mugnano di Napoli,17091,18142,35233
63049,Napoli,460981,501608,962589
63050,Nola,16662,17788,34450
63051,Ottaviano,11567,12102,23669
63052,Palma Campania,8456,7799,16255
63053,Piano di Sorrento,6198,6685,12883
63054,Pimonte,3002,3002,6004
63055,Poggiomarino,11137,11056,22193
63056,Pollena Trocchia,6442,6922,13364
63057,Pomigliano d'Arco,19330,20988,40318
63058,Pompei,11935,13046,24981
63059,Portici,25191,28533,53724
63060,Pozzuoli,38796,41278,80074
63061,Procida,5134,5280,10414
63062,Qualiano,12759,12947,25706
63063,Quarto,20156,21024,41180
63064,Ercolano,25430,26843,52273
63065,Roccarainola,3328,3560,6888
63066,San Gennaro Vesuviano,6258,5915,12173
63067,San Giorgio a Cremano,21036,23528,44564
63068,San Giuseppe Vesuviano,16265,15076,31341
63069,San Paolo Bel Sito,1648,1735,3383
63070,San Sebastiano al Vesuvio,4281,4674,8955
63071,Sant'Agnello,4302,4610,8912
63072,Sant'Anastasia,13209,13955,27164
63073,Sant'Antimo,16507,17184,33691
63074,Sant'Antonio Abate,9755,9899,19654
63075,San Vitaliano,3156,3341,6497
63076,Saviano,7966,8372,16338
63077,Scisciano,2972,3157,6129
63078,Serrara Fontana,1544,1566,3110
63079,Somma Vesuviana,17093,17809,34902
63080,Sorrento,7749,8434,16183
63081,Striano,4398,4383,8781
63082,Terzigno,8970,8854,17824
63083,Torre Annunziata,20065,21722,41787
63084,Torre del Greco,40556,43431,83987
63085,Tufino,1778,1796,3574
63086,Vico Equense,10098,10650,20748
63087,Villaricca,15141,16077,31218
63088,Visciano,2142,2220,4362
63089,Volla,12448,12883,25331
63090,Santa Maria la Carit 'e0,5873,5961,11834
63091,Trecase,4396,4480,8876
63092,Massa di Somma,2546,2696,5242
3001,Agrate Conturbia,805,767,1572
3002,Ameno,528,430,958
3006,Armeno,1044,1118,2162
3008,Arona,6521,7455,13976
3012,Barengo,363,397,760
3016,Bellinzago Novarese,4795,4750,9545
3018,Biandrate,659,637,1296
3019,Boca,571,581,1152
3021,Bogogno,624,651,1275
3022,Bolzano Novarese,592,578,1170
3023,Borgolavezzaro,963,1046,2009
3024,Borgomanero,10426,11289,21715
3025,Borgo Ticino,2627,2595,5222
3026,Briga Novarese,1361,1457,2818
3027,Briona,534,587,1121
3030,Caltignaga,1233,1271,2504
3032,Cameri,5289,5579,10868
3036,Carpignano Sesia,1171,1339,2510
3037,Casalbeltrame,493,481,974
3039,Casaleggio Novara,455,456,911
3040,Casalino,770,761,1531
3041,Casalvolone,436,452,888
3042,Castellazzo Novarese,157,167,324
3043,Castelletto sopra Ticino,4753,5149,9902
3044,Cavaglietto,203,186,389
3045,Cavaglio d'Agogna,586,599,1185
3047,Cavallirio,652,662,1314
3049,Cerano,3308,3477,6785
3051,Colazza,233,234,467
3052,Comignago,620,625,1245
3055,Cressa,787,821,1608
3058,Cureggio,1242,1352,2594
3060,Divignano,691,711,1402
3062,Dormelletto,1205,1368,2573
3065,Fara Novarese,995,1032,2027
3066,Fontaneto d'Agogna,1284,1336,2620
3068,Galliate,7652,8070,15722
3069,Garbagna Novarese,704,720,1424
3070,Gargallo,877,898,1775
3073,Ghemme,1690,1777,3467
3076,Gozzano,2771,2770,5541
3077,Granozzo con Monticello,672,673,1345
3079,Grignasco,2119,2260,4379
3082,Invorio,2145,2183,4328
3083,Landiona,262,285,547
3084,Lesa,1053,1159,2212
3088,Maggiora,789,850,1639
3090,Mandello Vitta,108,119,227
3091,Marano Ticino,830,809,1639
3093,Massino Visconti,545,562,1107
3095,Meina,1149,1292,2441
3097,Mezzomerico,625,612,1237
3098,Miasino,355,432,787
3100,Momo,1183,1298,2481
3103,Nebbiuno,895,902,1797
3104,Nibbiola,408,406,814
3106,Novara,50238,53747,103985
3108,Oleggio,6970,7268,14238
3109,Oleggio Castello,1089,1085,2174
3112,Orta San Giulio,663,678,1341
3114,Paruzzaro,1070,1103,2173
3115,Pella,427,501,928
3116,Pettenasco,660,690,1350
3119,Pisano,382,432,814
3120,Pogno,661,720,1381
3121,Pombia,1080,1060,2140
3122,Prato Sesia,927,941,1868
3129,Recetto,494,451,945
3130,Romagnano Sesia,1844,2016,3860
3131,Romentino,2738,2860,5598
3133,San Maurizio d'Opaglio,1467,1572,3039
3134,San Nazzaro Sesia,379,361,740
3135,San Pietro Mosezzo,978,980,1958
3138,Sillavengo,278,276,554
3139,Sizzano,681,726,1407
3140,Soriso,357,390,747
3141,Sozzago,517,561,1078
3143,Suno,1339,1392,2731
3144,Terdobbiate,236,231,467
3146,Tornaco,454,467,921
3149,Trecate,10264,10448,20712
3153,Vaprio d'Agogna,474,502,976
3154,Varallo Pombia,2390,2532,4922
3158,Vespolate,998,1030,2028
3159,Vicolungo,417,450,867
3164,Vinzaglio,304,242,546
3166,Gattico-Veruno,2545,2726,5271
91001,Aritzo,667,599,1266
91002,Arzana,1168,1154,2322
91003,Atzara,556,525,1081
91004,Austis,381,397,778
91005,Bari Sardo,1925,2048,3973
91006,Baunei,1753,1811,3564
91007,Belv 'ec,291,286,577
91008,Birori,258,253,511
91009,Bitti,1317,1418,2735
91010,Bolotana,1176,1350,2526
91011,Borore,987,1051,2038
91012,Bortigali,603,683,1286
91016,Desulo,1091,1128,2219
91017,Dorgali,4298,4236,8534
91018,Dualchi,288,310,598
91019,Elini,269,282,551
91024,Fonni,1857,1977,3834
91025,Gadoni,365,383,748
91026,Gairo,685,685,1370
91027,Galtell 'ec,1211,1231,2442
91028,Gavoi,1287,1299,2586
91031,Girasole,659,662,1321
91032,Ilbono,1034,1057,2091
91033,Irgoli,1147,1131,2278
91035,Jerzu,1562,1585,3147
91037,Lanusei,2633,2650,5283
91038,Lei,246,244,490
91039,Loceri,644,656,1300
91040,Loculi,269,232,501
91041,Lod 'e8,832,782,1614
91042,Lotzorai,1022,1102,2124
91043,Lula,671,647,1318
91044,Macomer,4747,5039,9786
91046,Mamoiada,1210,1262,2472
91047,Meana Sardo,841,850,1691
91050,Noragugume,148,141,289
91051,Nuoro,17096,18667,35763
91055,Oliena,3384,3520,6904
91056,Ollolai,614,626,1240
91057,Olzai,423,397,820
91058,Onan 'ec,181,191,372
91059,Onifai,349,370,719
91060,Oniferi,445,455,900
91061,Orani,1391,1415,2806
91062,Orgosolo,2094,2023,4117
91063,Orosei,3454,3558,7012
91064,Orotelli,975,987,1962
91066,Ortueri,556,538,1094
91067,Orune,1128,1110,2238
91068,Osidda,106,118,224
91069,Osini,386,357,743
91070,Ottana,1119,1135,2254
91071,Ovodda,807,789,1596
91072,Perdasdefogu,919,906,1825
91073,Posada,1559,1526,3085
91077,Sarule,825,839,1664
91083,Silanus,1022,1038,2060
91084,Sindia,805,866,1671
91085,Siniscola,5838,5721,11559
91086,Sorgono,796,809,1605
91088,Talana,468,507,975
91089,Tertenia,1961,1946,3907
91090,Teti,340,301,641
91091,Tiana,237,229,466
91093,Tonara,936,952,1888
91094,Torp 'e8,1444,1385,2829
91095,Tortol 'ec,5422,5671,11093
91097,Triei,555,541,1096
91098,Ulassai,679,736,1415
91099,Urzulei,580,598,1178
91100,Ussassai,253,253,506
91101,Villagrande Strisaili,1554,1531,3085
91103,Cardedu,957,1009,1966
91104,Lodine,168,153,321
95001,Abbasanta,1311,1332,2643
95002,Aidomaggiore,188,226,414
95003,Albagiara,120,130,250
95004,Ales,692,674,1366
95005,Allai,184,171,355
95006,Arborea,1920,1924,3844
95007,Ardauli,385,441,826
95008,Assolo,180,173,353
95009,Asuni,157,163,320
95010,Baradili,38,39,77
95011,Baratili San Pietro,632,630,1262
95012,Baressa,306,292,598
95013,Bauladu,328,340,668
95014,Bidon 'ec,68,68,136
95015,Bonarcado,778,760,1538
95016,Boroneddu,71,82,153
95017,Busachi,597,644,1241
95018,Cabras,4532,4511,9043
95019,Cuglieri,1268,1280,2548
95020,Fordongianus,425,445,870
95021,Ghilarza,2110,2299,4409
95022,Gonnoscodina,247,206,453
95023,Gonnosn 'f2,356,360,716
95024,Gonnostramatza,412,441,853
95025,Marrubiu,2394,2343,4737
95026,Masullas,546,498,1044
95027,Milis,766,751,1517
95028,Mogorella,221,211,432
95029,Mogoro,2018,2030,4048
95030,Morgongiori,352,341,693
95031,Narbolia,852,875,1727
95032,Neoneli,306,331,637
95033,Norbello,628,570,1198
95034,Nughedu Santa Vittoria,213,249,462
95035,Nurachi,865,915,1780
95036,Nureci,170,166,336
95037,Ollastra,583,599,1182
95038,Oristano,14905,16564,31469
95039,Palmas Arborea,743,755,1498
95040,Pau,139,155,294
95041,Paulilatino,1089,1075,2164
95042,Pompu,125,112,237
95043,Riola Sardo,1089,1012,2101
95044,Ruinas,312,335,647
95045,Samugheo,1444,1482,2926
95046,San Nicol 'f2 d'Arcidano,1291,1287,2578
95047,Santa Giusta,2371,2386,4757
95048,Villa Sant'Antonio,167,170,337
95049,Santu Lussurgiu,1147,1153,2300
95050,San Vero Milis,1251,1210,2461
95051,Scano di Montiferro,706,755,1461
95052,Sedilo,1010,1039,2049
95053,Seneghe,871,863,1734
95054,Senis,202,231,433
95055,Sennariolo,71,90,161
95056,Siamaggiore,461,443,904
95057,Siamanna,405,386,791
95058,Simala,163,144,307
95059,Simaxis,1090,1096,2186
95060,Sini,255,233,488
95061,Siris,123,101,224
95062,Solarussa,1157,1188,2345
95063,Sorradile,171,184,355
95064,Tadasuni,75,73,148
95065,Terralba,5079,5022,10101
95066,Tramatza,480,470,950
95067,Tresnuraghes,530,567,1097
95068,Ul 'e0 Tirso,239,253,492
95069,Uras,1404,1398,2802
95070,Usellus,379,357,736
95071,Villanova Truschedu,135,162,297
95072,Villaurbana,774,793,1567
95073,Villa Verde,141,155,296
95074,Zeddiani,580,573,1153
95075,Zerfaliu,497,530,1027
95076,Siapiccia,176,169,345
95077,Curcuris,146,155,301
95078,Sodd 'ec,53,66,119
95079,Bosa,3802,4004,7806
95080,Flussio,197,239,436
95082,Laconi,872,887,1759
95083,Magomadas,321,308,629
95084,Modolo,72,85,157
95085,Montresta,227,229,456
95086,Sagama,98,97,195
95087,Suni,479,553,1032
95088,Tinnura,121,120,241
28001,Abano Terme,9647,10627,20274
28002,Agna,1591,1622,3213
28003,Albignasego,12837,13703,26540
28004,Anguillara Veneta,2078,2170,4248
28005,Arqu 'e0 Petrarca,923,919,1842
28006,Arre,1064,1044,2108
28007,Arzergrande,2422,2437,4859
28008,Bagnoli di Sopra,1711,1747,3458
28009,Baone,1549,1537,3086
28010,Barbona,316,305,621
28011,Battaglia Terme,1919,1981,3900
28012,Boara Pisani,1215,1219,2434
28013,Borgoricco,4490,4412,8902
28014,Bovolenta,1761,1742,3503
28015,Brugine,3492,3584,7076
28016,Cadoneghe,7797,8316,16113
28017,Campodarsego,7319,7524,14843
28018,Campodoro,1342,1305,2647
28019,Camposampiero,5950,6091,12041
28020,Campo San Martino,2849,2838,5687
28021,Candiana,1150,1144,2294
28022,Carceri,744,764,1508
28023,Carmignano di Brenta,3774,3812,7586
28026,Cartura,2266,2334,4600
28027,Casale di Scodosia,2409,2402,4811
28028,Casalserugo,2629,2755,5384
28029,Castelbaldo,718,745,1463
28030,Cervarese Santa Croce,2838,2876,5714
28031,Cinto Euganeo,1000,973,1973
28032,Cittadella,9884,10291,20175
28033,Codevigo,3275,3124,6399
28034,Conselve,4943,5234,10177
28035,Correzzola,2590,2550,5140
28036,Curtarolo,3573,3619,7192
28037,Este,7710,8479,16189
28038,Fontaniva,3996,4018,8014
28039,Galliera Veneta,3517,3628,7145
28040,Galzignano Terme,2170,2193,4363
28041,Gazzo,2133,2145,4278
28042,Grantorto,2299,2257,4556
28043,Granze,967,1024,1991
28044,Legnaro,4583,4603,9186
28045,Limena,3974,4077,8051
28046,Loreggia,3864,3782,7646
28047,Lozzo Atestino,1523,1507,3030
28048,Maser 'e0 di Padova,4563,4608,9171
28049,Masi,867,909,1776
28050,Massanzago,3077,3011,6088
28052,Megliadino San Vitale,915,927,1842
28053,Merlara,1249,1317,2566
28054,Mestrino,5697,5913,11610
28055,Monselice,8404,8981,17385
28056,Montagnana,4341,4596,8937
28057,Montegrotto Terme,5579,5994,11573
28058,Noventa Padovana,5710,5860,11570
28059,Ospedaletto Euganeo,2766,2830,5596
28060,Padova,100623,111772,212395
28061,Pernumia,1908,1910,3818
28062,Piacenza d'Adige,622,638,1260
28063,Piazzola sul Brenta,5463,5654,11117
28064,Piombino Dese,4815,4705,9520
28065,Piove di Sacco,9749,10420,20169
28066,Polverara,1647,1696,3343
28067,Ponso,1225,1182,2407
28068,Pontelongo,1851,1885,3736
28069,Ponte San Nicol 'f2,6497,6999,13496
28070,Pozzonovo,1735,1799,3534
28071,Rovolon,2465,2446,4911
28072,Rubano,8067,8622,16689
28073,Saccolongo,2449,2458,4907
28075,San Giorgio delle Pertiche,5094,5123,10217
28076,San Giorgio in Bosco,3216,3186,6402
28077,San Martino di Lupari,6544,6608,13152
28078,San Pietro in Gu,2184,2250,4434
28079,San Pietro Viminario,1538,1525,3063
28080,Santa Giustina in Colle,3634,3624,7258
28082,Sant'Angelo di Piove di Sacco,3598,3690,7288
28083,Sant'Elena,1258,1304,2562
28084,Sant'Urbano,959,978,1937
28085,Saonara,5186,5283,10469
28086,Selvazzano Dentro,11224,11983,23207
28087,Solesino,3408,3516,6924
28088,Stanghella,2029,2105,4134
28089,Teolo,4430,4608,9038
28090,Terrassa Padovana,1349,1320,2669
28091,Tombolo,4123,4220,8343
28092,Torreglia,3039,3103,6142
28093,Trebaseleghe,6506,6492,12998
28094,Tribano,2191,2143,4334
28095,Urbana,1024,1054,2078
28096,Veggiano,2407,2358,4765
28097,Vescovana,869,897,1766
28098,Vighizzolo d'Este,467,449,916
28099,Vigodarzere,6429,6634,13063
28100,Vigonza,11291,11835,23126
28101,Villa del Conte,2850,2754,5604
28102,Villa Estense,1102,1077,2179
28103,Villafranca Padovana,5122,5354,10476
28104,Villanova di Camposampiero,3052,3115,6167
28105,Vo',1617,1662,3279
28106,Due Carrare,4509,4483,8992
28107,Borgo Veneto,3471,3543,7014
82001,Alia,1673,1837,3510
82002,Alimena,896,1019,1915
82003,Aliminusa,581,557,1138
82004,Altavilla Milicia,4189,4187,8376
82005,Altofonte,4871,5144,10015
82006,Bagheria,26625,27995,54620
82007,Balestrate,3051,3364,6415
82008,Baucina,962,953,1915
82009,Belmonte Mezzagno,5489,5655,11144
82010,Bisacquino,2100,2221,4321
82011,Bolognetta,2053,2085,4138
82012,Bompietro,602,693,1295
82013,Borgetto,3649,3689,7338
82014,Caccamo,3957,4040,7997
82015,Caltavuturo,1833,1935,3768
82016,Campofelice di Fitalia,235,238,473
82017,Campofelice di Roccella,3787,3880,7667
82018,Campofiorito,593,616,1209
82019,Camporeale,1549,1586,3135
82020,Capaci,5686,5891,11577
82021,Carini,19465,19720,39185
82022,Castelbuono,4159,4326,8485
82023,Casteldaccia,5732,5950,11682
82024,Castellana Sicula,1517,1683,3200
82025,Castronovo di Sicilia,1416,1528,2944
82026,Cefal 'e0 Diana,497,500,997
82027,Cefal 'f9,6887,7268,14155
82028,Cerda,2507,2572,5079
82029,Chiusa Sclafani,1255,1427,2682
82030,Ciminna,1715,1845,3560
82031,Cinisi,6027,6213,12240
82032,Collesano,1853,2005,3858
82033,Contessa Entellina,789,819,1608
82034,Corleone,5323,5532,10855
82035,Ficarazzi,6416,6634,13050
82036,Gangi,3095,3369,6464
82037,Geraci Siculo,848,917,1765
82038,Giardinello,1146,1160,2306
82039,Giuliana,906,896,1802
82040,Godrano,557,565,1122
82041,Gratteri,435,470,905
82042,Isnello,682,736,1418
82043,Isola delle Femmine,3561,3538,7099
82044,Lascari,1764,1883,3647
82045,Lercara Friddi,3129,3497,6626
82046,Marineo,3148,3245,6393
82047,Mezzojuso,1381,1416,2797
82048,Misilmeri,14470,14822,29292
82049,Monreale,19151,19812,38963
82050,Montelepre,2906,3109,6015
82051,Montemaggiore Belsito,1504,1647,3151
82052,Palazzo Adriano,901,1027,1928
82053,Palermo,314019,343941,657960
82054,Partinico,15707,15862,31569
82055,Petralia Soprana,1525,1595,3120
82056,Petralia Sottana,1231,1362,2593
82057,Piana degli Albanesi,2992,2932,5924
82058,Polizzi Generosa,1490,1622,3112
82059,Pollina,1416,1475,2891
82060,Prizzi,2158,2350,4508
82061,Roccamena,674,755,1429
82062,Roccapalumba,1155,1230,2385
82063,San Cipirello,2537,2675,5212
82064,San Giuseppe Jato,4052,4323,8375
82065,San Mauro Castelverde,733,737,1470
82066,Santa Cristina Gela,507,490,997
82067,Santa Flavia,5462,5719,11181
82068,Sciara,1313,1361,2674
82069,Sclafani Bagni,188,209,397
82070,Termini Imerese,12651,13238,25889
82071,Terrasini,6268,6408,12676
82072,Torretta,2134,2185,4319
82073,Trabia,5275,5121,10396
82074,Trappeto,1543,1559,3102
82075,Ustica,659,643,1302
82076,Valledolmo,1636,1764,3400
82077,Ventimiglia di Sicilia,911,958,1869
82078,Vicari,1225,1334,2559
82079,Villabate,9787,10178,19965
82080,Villafrati,1602,1669,3271
82081,Scillato,288,325,613
82082,Blufi,445,486,931
34001,Albareto,1058,1067,2125
34002,Bardi,1068,1051,2119
34003,Bedonia,1616,1672,3288
34004,Berceto,1037,965,2002
34005,Bore,347,334,681
34006,Borgo Val di Taro,3311,3476,6787
34007,Busseto,3413,3462,6875
34008,Calestano,1099,1006,2105
34009,Collecchio,7282,7431,14713
34010,Colorno,4527,4600,9127
34011,Compiano,549,540,1089
34012,Corniglio,912,875,1787
34013,Felino,4515,4623,9138
34014,Fidenza,13198,14006,27204
34015,Fontanellato,3511,3581,7092
34016,Fontevivo,2851,2836,5687
34017,Fornovo di Taro,2912,3084,5996
34018,Langhirano,5271,5330,10601
34019,Lesignano de' Bagni,2560,2514,5074
34020,Medesano,5381,5493,10874
34022,Monchio delle Corti,463,395,858
34023,Montechiarugolo,5562,5598,11160
34024,Neviano degli Arduini,1770,1787,3557
34025,Noceto,6384,6656,13040
34026,Palanzano,575,510,1085
34027,Parma,95453,102839,198292
34028,Pellegrino Parmense,480,503,983
34030,Roccabianca,1452,1471,2923
34031,Sala Baganza,2894,2822,5716
34032,Salsomaggiore Terme,9781,10172,19953
34033,San Secondo Parmense,2894,2928,5822
34035,Solignano,887,830,1717
34036,Soragna,2407,2423,4830
34038,Terenzo,610,587,1197
34039,Tizzano Val Parma,1084,1033,2117
34040,Tornolo,485,431,916
34041,Torrile,3887,3864,7751
34042,Traversetolo,4731,4851,9582
34044,Valmozzola,269,259,528
34045,Varano de' Melegari,1282,1334,2616
34046,Varsi,577,601,1178
34049,Sissa Trecasali,3846,3974,7820
34050,Polesine Zibello,1572,1633,3205
34051,Sorbolo Mezzani,6299,6421,12720
18001,Alagna,414,404,818
18002,Albaredo Arnaboldi,130,110,240
18003,Albonese,255,279,534
18004,Albuzzano,1810,1828,3638
18005,Arena Po,792,772,1564
18006,Badia Pavese,185,177,362
18007,Bagnaria,310,332,642
18008,Barbianello,429,425,854
18009,Bascap 'e8,960,848,1808
18011,Bastida Pancarana,485,470,955
18012,Battuda,346,329,675
18013,Belgioioso,3053,3259,6312
18014,Bereguardo,1451,1457,2908
18015,Borgarello,1308,1338,2646
18016,Borgo Priolo,718,667,1385
18017,Borgoratto Mormorolo,196,219,415
18018,Borgo San Siro,475,470,945
18019,Bornasco,1365,1306,2671
18020,Bosnasco,320,306,626
18021,Brallo di Pregola,279,251,530
18022,Breme,358,379,737
18023,Bressana Bottarone,1723,1778,3501
18024,Broni,4567,5069,9636
18025,Calvignano,53,54,107
18026,Campospinoso,515,582,1097
18027,Candia Lomellina,764,751,1515
18029,Canneto Pavese,671,698,1369
18030,Carbonara al Ticino,709,727,1436
18031,Casanova Lonati,241,210,451
18032,Casatisma,444,436,880
18033,Casei Gerola,1243,1229,2472
18034,Casorate Primo,4464,4429,8893
18035,Cassolnovo,3421,3529,6950
18036,Castana,361,368,729
18037,Casteggio,3191,3540,6731
18038,Castelletto di Branduzzo,551,499,1050
18039,Castello d'Agogna,562,548,1110
18040,Castelnovetto,256,279,535
18041,Cava Manara,3265,3467,6732
18042,Cecima,117,107,224
18043,Ceranova,1143,1118,2261
18044,Ceretto Lomellina,82,99,181
18045,Cergnago,343,364,707
18046,Certosa di Pavia,2767,2733,5500
18047,Cervesina,549,631,1180
18048,Chignolo Po,1989,1995,3984
18049,Cigognola,621,683,1304
18050,Cilavegna,2659,2795,5454
18051,Codevilla,455,503,958
18052,Confienza,778,802,1580
18053,Copiano,883,889,1772
18054,Corana,383,389,772
18057,Corvino San Quirico,488,539,1027
18058,Costa de' Nobili,201,194,395
18059,Cozzo,187,180,367
18060,Cura Carpignano,2415,2513,4928
18061,Dorno,2309,2306,4615
18062,Ferrera Erbognone,563,534,1097
18063,Filighera,405,405,810
18064,Fortunago,190,168,358
18065,Frascarolo,558,602,1160
18066,Galliavola,98,96,194
18067,Gambarana,99,110,209
18068,Gambol 'f2,4904,5016,9920
18069,Garlasco,4680,4953,9633
18071,Gerenzago,699,712,1411
18072,Giussago,2687,2647,5334
18073,Godiasco Salice Terme,1539,1704,3243
18074,Golferenzo,104,85,189
18075,Gravellona Lomellina,1329,1409,2738
18076,Gropello Cairoli,2122,2267,4389
18077,Inverno e Monteleone,745,726,1471
18078,Landriano,3235,3282,6517
18079,Langosco,175,185,360
18080,Lardirago,601,553,1154
18081,Linarolo,1417,1413,2830
18082,Lirio,66,59,125
18083,Lomello,1009,1098,2107
18084,Lungavilla,1161,1298,2459
18085,Magherno,874,869,1743
18086,Marcignago,1241,1266,2507
18087,Marzano,851,810,1661
18088,Mede,3083,3321,6404
18089,Menconico,178,177,355
18090,Mezzana Bigli,533,520,1053
18091,Mezzana Rabattone,229,243,472
18092,Mezzanino,667,680,1347
18093,Miradolo Terme,1933,1897,3830
18094,Montalto Pavese,453,431,884
18095,Montebello della Battaglia,769,774,1543
18096,Montecalvo Versiggia,258,262,520
18097,Montescano,194,214,408
18098,Montesegale,141,130,271
18099,Monticelli Pavese,365,328,693
18100,Mont 'f9 Beccaria,836,822,1658
18101,Mornico Losana,309,317,626
18102,Mortara,7562,8047,15609
18103,Nicorvo,145,144,289
18104,Olevano di Lomellina,355,366,721
18105,Oliva Gessi,83,86,169
18106,Ottobiano,537,561,1098
18107,Palestro,940,944,1884
18108,Pancarana,163,150,313
18109,Parona,1006,934,1940
18110,Pavia,35001,38333,73334
18111,Pietra de' Giorgi,411,397,808
18112,Pieve Albignola,415,457,872
18113,Pieve del Cairo,897,931,1828
18114,Pieve Porto Morone,1339,1316,2655
18115,Pinarolo Po,829,885,1714
18116,Pizzale,345,347,692
18117,Ponte Nizza,385,394,779
18118,Portalbera,723,757,1480
18119,Rea,191,219,410
18120,Redavalle,530,507,1037
18121,Retorbido,748,829,1577
18122,Rivanazzano Terme,2530,2769,5299
18123,Robbio,2822,3028,5850
18124,Robecco Pavese,273,268,541
18125,Rocca de' Giorgi,45,38,83
18126,Rocca Susella,104,105,209
18127,Rognano,313,313,626
18128,Romagnese,326,303,629
18129,Roncaro,786,772,1558
18130,Rosasco,283,272,555
18131,Rovescala,426,449,875
18133,San Cipriano Po,254,235,489
18134,San Damiano al Colle,326,317,643
18135,San Genesio ed Uniti,1922,2030,3952
18136,San Giorgio di Lomellina,537,523,1060
18137,San Martino Siccomario,3134,3314,6448
18138,Sannazzaro de' Burgondi,2619,2679,5298
18139,Santa Cristina e Bissone,975,925,1900
18140,Santa Giuletta,772,820,1592
18141,Sant'Alessio con Vialone,493,480,973
18142,Santa Margherita di Staffora,242,230,472
18143,Santa Maria della Versa,1101,1198,2299
18144,Sant'Angelo Lomellina,398,395,793
18145,San Zenone al Po,279,274,553
18146,Sartirana Lomellina,733,806,1539
18147,Scaldasole,434,453,887
18148,Semiana,103,101,204
18149,Silvano Pietra,333,330,663
18150,Siziano,3103,3170,6273
18151,Sommo,577,587,1164
18152,Spessa,257,269,526
18153,Stradella,5617,6033,11650
18154,Suardi,312,304,616
18155,Torrazza Coste,794,814,1608
18156,Torre Beretti e Castellaro,298,256,554
18157,Torre d'Arese,491,448,939
18158,Torre de' Negri,152,164,316
18159,Torre d'Isola,1180,1230,2410
18160,Torrevecchia Pia,1797,1741,3538
18161,Torricella Verzate,404,419,823
18162,Travac 'f2 Siccomario,2176,2287,4463
18163,Trivolzio,1181,1149,2330
18164,Tromello,1832,1904,3736
18165,Trovo,532,491,1023
18166,Val di Nizza,289,293,582
18167,Valeggio,110,99,209
18168,Valle Lomellina,1103,1046,2149
18169,Valle Salimbene,732,749,1481
18171,Varzi,1507,1587,3094
18172,Velezzo Lomellina,53,45,98
18173,Vellezzo Bellini,1693,1662,3355
18174,Verretto,192,183,375
18175,Verrua Po,611,642,1253
18176,Vidigulfo,3250,3326,6576
18177,Vigevano,30856,32767,63623
18178,Villa Biscossi,30,37,67
18179,Villanova d'Ardenghi,394,386,780
18180,Villanterio,1713,1683,3396
18181,Vistarino,803,776,1579
18182,Voghera,18862,20483,39345
18183,Volpara,65,55,120
18184,Zavattarello,486,492,978
18185,Zeccone,822,870,1692
18186,Zeme,530,475,1005
18187,Zenevredo,238,240,478
18188,Zerbo,177,214,391
18189,Zerbol 'f2,876,869,1745
18190,Zinasco,1500,1623,3123
18191,Cornale e Bastida,419,429,848
18192,Corteolona e Genzone,1284,1299,2583
18193,Colli Verdi,543,528,1071
54001,Assisi,13653,14738,28391
54002,Bastia Umbra,10507,11207,21714
54003,Bettona,2100,2222,4322
54004,Bevagna,2432,2487,4919
54005,Campello sul Clitunno,1171,1221,2392
54006,Cannara,2109,2196,4305
54007,Cascia,1532,1536,3068
54008,Castel Ritaldi,1543,1613,3156
54009,Castiglione del Lago,7465,7917,15382
54010,Cerreto di Spoleto,494,518,1012
54011,Citerna,1732,1731,3463
54012,Citt 'e0 della Pieve,3664,4025,7689
54013,Citt 'e0 di Castello,18776,20416,39192
54014,Collazzone,1639,1749,3388
54015,Corciano,10345,11124,21469
54016,Costacciaro,555,588,1143
54017,Deruta,4700,4887,9587
54018,Foligno,27038,29901,56939
54019,Fossato di Vico,1348,1390,2738
54020,Fratta Todina,883,957,1840
54021,Giano dell'Umbria,1932,1881,3813
54022,Gualdo Cattaneo,2946,2881,5827
54023,Gualdo Tadino,6988,7742,14730
54024,Gubbio,15186,16138,31324
54025,Lisciano Niccone,295,305,600
54026,Magione,7203,7603,14806
54027,Marsciano,9041,9462,18503
54028,Massa Martana,1870,1827,3697
54029,Monte Castello di Vibio,750,754,1504
54030,Montefalco,2702,2803,5505
54031,Monteleone di Spoleto,298,282,580
54032,Monte Santa Maria Tiberina,571,573,1144
54033,Montone,765,849,1614
54034,Nocera Umbra,2775,2872,5647
54035,Norcia,2386,2378,4764
54036,Paciano,467,501,968
54037,Panicale,2662,2847,5509
54038,Passignano sul Trasimeno,2760,2919,5679
54039,Perugia,80172,86797,166969
54040,Piegaro,1717,1814,3531
54041,Pietralunga,999,1050,2049
54042,Poggiodomo,54,42,96
54043,Preci,360,354,714
54044,San Giustino,5407,5697,11104
54045,Sant'Anatolia di Narco,293,253,546
54046,Scheggia e Pascelupo,682,665,1347
54047,Scheggino,232,232,464
54048,Sellano,515,517,1032
54049,Sigillo,1133,1188,2321
54050,Spello,4025,4439,8464
54051,Spoleto,18304,19463,37767
54052,Todi,7863,8433,16296
54053,Torgiano,3261,3394,6655
54054,Trevi,4082,4267,8349
54055,Tuoro sul Trasimeno,1830,1980,3810
54056,Umbertide,8083,8515,16598
54057,Valfabbrica,1608,1678,3286
54058,Vallo di Nera,172,185,357
54059,Valtopina,647,678,1325
41001,Acqualagna,2131,2161,4292
41002,Apecchio,879,908,1787
41005,Belforte all'Isauro,362,380,742
41006,Borgo Pace,282,270,552
41007,Cagli,4051,4315,8366
41008,Cantiano,1052,1076,2128
41009,Carpegna,812,837,1649
41010,Cartoceto,3944,4039,7983
41013,Fano,29252,31476,60728
41014,Fermignano,4110,4297,8407
41015,Fossombrone,4596,4690,9286
41016,Fratte Rosa,451,462,913
41017,Frontino,146,142,288
41018,Frontone,589,641,1230
41019,Gabicce Mare,2792,2923,5715
41020,Gradara,2474,2423,4897
41021,Isola del Piano,282,273,555
41022,Lunano,784,712,1496
41023,Macerata Feltria,943,1037,1980
41025,Mercatello sul Metauro,668,653,1321
41026,Mercatino Conca,512,506,1018
41027,Mombaroccio,1050,1026,2076
41028,Mondavio,1822,1903,3725
41029,Mondolfo,7116,7224,14340
41030,Montecalvo in Foglia,1330,1410,2740
41031,Monte Cerignone,312,341,653
41032,Monteciccardo,804,825,1629
41033,Montecopiolo,542,527,1069
41034,Montefelcino,1288,1279,2567
41035,Monte Grimano Terme,555,557,1112
41036,Montelabbate,3511,3419,6930
41038,Monte Porzio,1401,1396,2797
41041,Peglio,328,331,659
41043,Pergola,2874,3138,6012
41044,Pesaro,45627,49576,95203
41045,Petriano,1407,1377,2784
41047,Piandimeleto,1032,1056,2088
41048,Pietrarubbia,322,302,624
41049,Piobbico,927,951,1878
41051,San Costanzo,2322,2277,4599
41054,San Lorenzo in Campo,1556,1698,3254
41057,Sant'Angelo in Vado,1998,2008,4006
41058,Sant'Ippolito,742,746,1488
41060,Sassofeltrio,652,716,1368
41061,Serra Sant'Abbondio,475,485,960
41064,Tavoleto,414,445,859
41065,Tavullia,3947,3953,7900
41066,Urbania,3350,3577,6927
41067,Urbino,6897,7209,14106
41068,Vallefoglia,7554,7475,15029
41069,Colli al Metauro,6164,6172,12336
41070,Terre Roveresche,2608,2588,5196
41071,Sassocorvaro Auditore,2431,2459,4890
68001,Abbateggio,189,176,365
68002,Alanno,1649,1809,3458
68003,Bolognano,536,530,1066
68004,Brittoli,140,128,268
68005,Bussi sul Tirino,1169,1236,2405
68006,Cappelle sul Tavo,1985,2047,4032
68007,Caramanico Terme,940,950,1890
68008,Carpineto della Nora,288,309,597
68009,Castiglione a Casauria,390,376,766
68010,Catignano,647,633,1280
68011,Cepagatti,5399,5599,10998
68012,Citt 'e0 Sant'Angelo,7446,7561,15007
68013,Civitaquana,621,596,1217
68014,Civitella Casanova,844,858,1702
68015,Collecorvino,3001,3060,6061
68016,Corvara,107,118,225
68017,Cugnoli,702,712,1414
68018,Elice,823,850,1673
68019,Farindola,683,735,1418
68020,Lettomanoppello,1387,1430,2817
68021,Loreto Aprutino,3608,3690,7298
68022,Manoppello,3349,3537,6886
68023,Montebello di Bertona,474,466,940
68024,Montesilvano,26317,28045,54362
68025,Moscufo,1588,1558,3146
68026,Nocciano,903,910,1813
68027,Penne,5901,6103,12004
68028,Pescara,56402,63398,119800
68029,Pescosansonesco,236,250,486
68030,Pianella,4221,4356,8577
68031,Picciano,645,682,1327
68032,Pietranico,221,246,467
68033,Popoli,2352,2528,4880
68034,Roccamorice,434,503,937
68035,Rosciano,1947,2051,3998
68036,Salle,141,141,282
68037,Sant'Eufemia a Maiella,135,122,257
68038,San Valentino in Abruzzo Citeriore,905,999,1904
68039,Scafa,1737,1862,3599
68040,Serramonacesca,285,254,539
68041,Spoltore,9380,9846,19226
68042,Tocco da Casauria,1227,1261,2488
68043,Torre de' Passeri,1445,1549,2994
68044,Turrivalignani,388,423,811
68045,Vicoli,186,197,383
68046,Villa Celiera,300,315,615
33001,Agazzano,976,1026,2002
33002,Alseno,2304,2393,4697
33003,Besenzone,478,476,954
33004,Bettola,1361,1324,2685
33005,Bobbio,1710,1838,3548
33006,Borgonovo Val Tidone,4010,4036,8046
33007,Cadeo,2922,3049,5971
33008,Calendasco,1231,1179,2410
33010,Caorso,2428,2414,4842
33011,Carpaneto Piacentino,3809,3860,7669
33012,Castell'Arquato,2235,2328,4563
33013,Castel San Giovanni,6860,7055,13915
33014,Castelvetro Piacentino,2585,2649,5234
33015,Cerignale,71,49,120
33016,Coli,440,406,846
33017,Corte Brugnatella,282,291,573
33018,Cortemaggiore,2376,2294,4670
33019,Farini,555,593,1148
33020,Ferriere,618,539,1157
33021,Fiorenzuola d'Arda,7403,7767,15170
33022,Gazzola,1085,1036,2121
33023,Gossolengo,2834,2883,5717
33024,Gragnano Trebbiense,2271,2307,4578
33025,Gropparello,1131,1097,2228
33026,Lugagnano Val d'Arda,1922,1967,3889
33027,Monticelli d'Ongina,2552,2645,5197
33028,Morfasso,496,452,948
33030,Ottone,256,207,463
33032,Piacenza,50074,54241,104315
33033,Pianello Val Tidone,1098,1108,2206
33034,Piozzano,329,267,596
33035,Podenzano,4546,4650,9196
33036,Ponte dell'Olio,2306,2388,4694
33037,Pontenure,3197,3338,6535
33038,Rivergaro,3459,3587,7046
33039,Rottofreno,6011,6252,12263
33040,San Giorgio Piacentino,2796,2858,5654
33041,San Pietro in Cerro,418,418,836
33042,Sarmato,1465,1452,2917
33043,Travo,1073,1068,2141
33044,Vernasca,1031,1022,2053
33045,Vigolzone,2104,2096,4200
33046,Villanova sull'Arda,851,847,1698
33047,Zerba,39,30,69
33048,Ziano Piacentino,1289,1208,2497
33049,Alta Val Tidone,1506,1453,2959
50001,Bientina,4129,4409,8538
50002,Buti,2746,2852,5598
50003,Calci,3046,3276,6322
50004,Calcinaia,6263,6482,12745
50005,Capannoli,3138,3261,6399
50006,Casale Marittimo,541,532,1073
50008,Cascina,22015,23433,45448
50009,Castelfranco di Sotto,6694,6770,13464
50010,Castellina Marittima,965,959,1924
50011,Castelnuovo di Val di Cecina,1063,1103,2166
50012,Chianni,659,671,1330
50014,Fauglia,1800,1829,3629
50015,Guardistallo,579,637,1216
50016,Lajatico,636,667,1303
50019,Montecatini Val di Cecina,830,830,1660
50020,Montescudaio,1035,1098,2133
50021,Monteverdi Marittimo,390,377,767
50022,Montopoli in Val d'Arno,5547,5646,11193
50023,Orciano Pisano,295,319,614
50024,Palaia,2192,2373,4565
50025,Peccioli,2293,2447,4740
50026,Pisa,43772,47621,91393
50027,Pomarance,2755,2847,5602
50028,Ponsacco,7619,7995,15614
50029,Pontedera,14526,15121,29647
50030,Riparbella,814,787,1601
50031,San Giuliano Terme,15148,16084,31232
50032,San Miniato,13695,14302,27997
50033,Santa Croce sull'Arno,7320,7276,14596
50034,Santa Luce,807,812,1619
50035,Santa Maria a Monte,6604,6718,13322
50036,Terricciola,2220,2278,4498
50037,Vecchiano,5841,6193,12034
50038,Vicopisano,4186,4461,8647
50039,Volterra,4742,5238,9980
50040,Casciana Terme Lari,6054,6233,12287
50041,Crespina Lorenzana,2687,2727,5414
47002,Agliana,8985,9222,18207
47003,Buggiano,4314,4586,8900
47005,Lamporecchio,3612,3824,7436
47006,Larciano,3074,3243,6317
47007,Marliana,1585,1570,3155
47008,Massa e Cozzile,3733,4142,7875
47009,Monsummano Terme,10245,10817,21062
47010,Montale,5255,5539,10794
47011,Montecatini-Terme,9767,11228,20995
47012,Pescia,9491,10083,19574
47013,Pieve a Nievole,4498,4735,9233
47014,Pistoia,43481,47196,90677
47016,Ponte Buggianese,4298,4554,8852
47017,Quarrata,13034,13693,26727
47018,Sambuca Pistoiese,780,755,1535
47020,Serravalle Pistoiese,5683,6006,11689
47021,Uzzano,2722,2912,5634
47022,Chiesina Uzzanese,2216,2291,4507
47023,Abetone Cutigliano,1008,1025,2033
47024,San Marcello Piteglio,3707,4150,7857
93001,Andreis,126,118,244
93002,Arba,673,645,1318
93004,Aviano,4555,4575,9130
93005,Azzano Decimo,7795,7958,15753
93006,Barcis,126,117,243
93007,Brugnera,4685,4659,9344
93008,Budoia,1279,1280,2559
93009,Caneva,3104,3267,6371
93010,Casarsa della Delizia,4213,4191,8404
93011,Castelnovo del Friuli,415,419,834
93012,Cavasso Nuovo,750,775,1525
93013,Chions,2553,2627,5180
93014,Cimolais,187,168,355
93015,Claut,432,455,887
93016,Clauzetto,205,183,388
93017,Cordenons,8964,9336,18300
93018,Cordovado,1340,1422,2762
93019,Erto e Casso,185,184,369
93020,Fanna,752,769,1521
93021,Fiume Veneto,5777,5998,11775
93022,Fontanafredda,6247,6365,12612
93024,Frisanco,300,294,594
93025,Maniago,5777,5981,11758
93026,Meduno,775,768,1543
93027,Montereale Valcellina,2094,2244,4338
93028,Morsano al Tagliamento,1332,1373,2705
93029,Pasiano di Pordenone,3871,3889,7760
93030,Pinzano al Tagliamento,736,794,1530
93031,Polcenigo,1537,1620,3157
93032,Porcia,7373,7798,15171
93033,Pordenone,24780,26934,51714
93034,Prata di Pordenone,4181,4152,8333
93035,Pravisdomini,1733,1730,3463
93036,Roveredo in Piano,2913,3064,5977
93037,Sacile,9750,10227,19977
93038,San Giorgio della Richinvelda,2401,2181,4582
93039,San Martino al Tagliamento,709,719,1428
93040,San Quirino,2100,2129,4229
93041,San Vito al Tagliamento,7435,7811,15246
93042,Sequals,1106,1127,2233
93043,Sesto al Reghena,3189,3180,6369
93044,Spilimbergo,5901,6202,12103
93045,Tramonti di Sopra,140,147,287
93046,Tramonti di Sotto,182,162,344
93047,Travesio,897,912,1809
93049,Vito d'Asio,356,344,700
93050,Vivaro,678,631,1309
93051,Zoppola,4271,4218,8489
93052,Vajont,855,833,1688
93053,Valvasone Arzene,1935,1974,3909
76001,Abriola,665,714,1379
76002,Acerenza,1132,1136,2268
76003,Albano di Lucania,709,672,1381
76004,Anzi,767,830,1597
76005,Armento,282,298,580
76006,Atella,1903,1909,3812
76007,Avigliano,5395,5686,11081
76008,Balvano,924,870,1794
76009,Banzi,658,626,1284
76010,Baragiano,1275,1305,2580
76011,Barile,1332,1414,2746
76012,Bella,2456,2460,4916
76013,Brienza,1980,1987,3967
76014,Brindisi Montagna,443,411,854
76015,Calvello,882,969,1851
76016,Calvera,181,184,365
76017,Campomaggiore,370,384,754
76018,Cancellara,602,613,1215
76019,Carbone,280,287,567
76020,San Paolo Albanese,104,124,228
76021,Castelgrande,441,435,876
76022,Castelluccio Inferiore,978,1015,1993
76023,Castelluccio Superiore,370,379,749
76024,Castelmezzano,366,390,756
76025,Castelsaraceno,610,661,1271
76026,Castronuovo di Sant'Andrea,462,504,966
76027,Cersosimo,291,298,589
76028,Chiaromonte,921,947,1868
76029,Corleto Perticara,1238,1223,2461
76030,Episcopia,658,671,1329
76031,Fardella,284,293,577
76032,Filiano,1401,1436,2837
76033,Forenza,993,966,1959
76034,Francavilla in Sinni,2046,2086,4132
76035,Gallicchio,443,399,842
76036,Genzano di Lucania,2751,2815,5566
76037,Grumento Nova,813,841,1654
76038,Guardia Perticara,259,278,537
76039,Lagonegro,2550,2760,5310
76040,Latronico,2108,2180,4288
76041,Laurenzana,824,857,1681
76042,Lauria,6015,6378,12393
76043,Lavello,6753,6618,13371
76044,Maratea,2444,2551,4995
76045,Marsico Nuovo,1930,2118,4048
76046,Marsicovetere,2781,2802,5583
76047,Maschito,776,794,1570
76048,Melfi,8685,8907,17592
76049,Missanello,275,264,539
76050,Moliterno,1795,1976,3771
76051,Montemilone,758,752,1510
76052,Montemurro,568,592,1160
76053,Muro Lucano,2577,2623,5200
76054,Nemoli,688,736,1424
76055,Noepoli,365,422,787
76056,Oppido Lucano,1847,1838,3685
76057,Palazzo San Gervasio,2365,2325,4690
76058,Pescopagano,881,906,1787
76059,Picerno,2893,2865,5758
76060,Pietragalla,1962,2030,3992
76061,Pietrapertosa,460,498,958
76062,Pignola,3412,3475,6887
76063,Potenza,31974,34485,66459
76064,Rapolla,2163,2126,4289
76065,Rapone,434,479,913
76066,Rionero in Vulture,6392,6548,12940
76067,Ripacandida,831,820,1651
76068,Rivello,1291,1383,2674
76069,Roccanova,685,728,1413
76070,Rotonda,1716,1673,3389
76071,Ruoti,1713,1752,3465
76072,Ruvo del Monte,504,531,1035
76073,San Chirico Nuovo,624,640,1264
76074,San Chirico Raparo,484,482,966
76075,San Costantino Albanese,317,326,643
76076,San Fele,1350,1435,2785
76077,San Martino d'Agri,360,345,705
76078,San Severino Lucano,721,741,1462
76079,Sant'Angelo Le Fratte,685,691,1376
76080,Sant'Arcangelo,3051,3155,6206
76081,Sarconi,715,708,1423
76082,Sasso di Castalda,420,375,795
76083,Satriano di Lucania,1141,1150,2291
76084,Savoia di Lucania,541,524,1065
76085,Senise,3421,3442,6863
76086,Spinoso,678,723,1401
76087,Teana,263,305,568
76088,Terranova di Pollino,534,582,1116
76089,Tito,3619,3664,7283
76090,Tolve,1581,1559,3140
76091,Tramutola,1467,1525,2992
76092,Trecchina,1062,1160,2222
76093,Trivigno,298,319,617
76094,Vaglio Basilicata,931,1011,1942
76095,Venosa,5688,5790,11478
76096,Vietri di Potenza,1388,1385,2773
76097,Viggianello,1422,1445,2867
76098,Viggiano,1703,1654,3357
76099,Ginestra,369,355,724
76100,Paterno,1565,1659,3224
100001,Cantagallo,1618,1549,3167
100002,Carmignano,7367,7465,14832
100003,Montemurlo,9354,9652,19006
100004,Poggio a Caiano,4920,5176,10096
100005,Prato,94613,100300,194913
100006,Vaiano,4953,5101,10054
100007,Vernio,3010,3074,6084
88001,Acate,6290,5196,11486
88002,Chiaramonte Gulfi,4084,4000,8084
88003,Comiso,15466,15641,31107
88004,Giarratana,1394,1468,2862
88005,Ispica,8358,7976,16334
88006,Modica,26172,27917,54089
88007,Monterosso Almo,1407,1479,2886
88008,Pozzallo,9563,9788,19351
88009,Ragusa,35581,37828,73409
88010,Santa Croce Camerina,5896,5134,11030
88011,Scicli,13200,13637,26837
88012,Vittoria,32005,31735,63740
39001,Alfonsine,5707,6101,11808
39002,Bagnacavallo,8155,8532,16687
39003,Bagnara di Romagna,1210,1206,2416
39004,Brisighella,3676,3682,7358
39005,Casola Valsenio,1267,1225,2492
39006,Castel Bolognese,4736,4863,9599
39007,Cervia,13798,14991,28789
39008,Conselice,4737,4972,9709
39009,Cotignola,3558,3817,7375
39010,Faenza,28803,30150,58953
39011,Fusignano,4031,4119,8150
39012,Lugo,15524,16763,32287
39013,Massa Lombarda,5231,5289,10520
39014,Ravenna,76541,81517,158058
39015,Riolo Terme,2839,2854,5693
39016,Russi,6056,6243,12299
39017,Sant'Agata sul Santerno,1455,1480,2935
39018,Solarolo,2181,2325,4506
80001,Africo,1466,1433,2899
80002,Agnana Calabra,261,237,498
80003,Anoia,994,1108,2102
80004,Antonimina,632,616,1248
80005,Ardore,2455,2573,5028
80006,Bagaladi,457,520,977
80007,Bagnara Calabra,4881,5002,9883
80008,Benestare,1278,1237,2515
80009,Bianco,2033,2118,4151
80010,Bivongi,607,650,1257
80011,Bova,217,193,410
80012,Bovalino,4350,4556,8906
80013,Bova Marina,2086,2119,4205
80014,Brancaleone,1687,1773,3460
80015,Bruzzano Zeffirio,518,586,1104
80016,Calanna,389,431,820
80017,Camini,352,393,745
80018,Campo Calabro,2206,2315,4521
80019,Candidoni,212,209,421
80020,Canolo,349,337,686
80021,Caraffa del Bianco,222,261,483
80022,Cardeto,685,779,1464
80023,Careri,1092,1111,2203
80024,Casignana,347,380,727
80025,Caulonia,3526,3565,7091
80026,Cimin 'e0,281,270,551
80027,Cinquefrondi,3144,3298,6442
80028,Cittanova,4875,5221,10096
80029,Condofuri,2407,2503,4910
80030,Cosoleto,411,421,832
80031,Delianuova,1554,1678,3232
80032,Feroleto della Chiesa,784,812,1596
80033,Ferruzzano,359,407,766
80034,Fiumara,429,461,890
80035,Galatro,744,828,1572
80036,Gerace,1268,1233,2501
80037,Giffone,850,870,1720
80038,Gioia Tauro,9953,10050,20003
80039,Gioiosa Ionica,3455,3590,7045
80040,Grotteria,1484,1546,3030
80041,Laganadi,192,203,395
80042,Laureana di Borrello,2365,2542,4907
80043,Locri,5911,6358,12269
80044,Mammola,1265,1383,2648
80045,Marina di Gioiosa Ionica,3173,3304,6477
80046,Maropati,698,721,1419
80047,Martone,249,261,510
80048,Melicucc 'e0,402,461,863
80049,Melicucco,2479,2503,4982
80050,Melito di Porto Salvo,5372,5569,10941
80051,Molochio,1171,1221,2392
80052,Monasterace,1826,1801,3627
80053,Montebello Ionico,2921,3049,5970
80054,Motta San Giovanni,2897,3040,5937
80055,Oppido Mamertina,2526,2597,5123
80056,Palizzi,1119,1194,2313
80057,Palmi,8960,9545,18505
80058,Pazzano,259,261,520
80059,Placanica,539,572,1111
80060,Plat 'ec,1916,1852,3768
80061,Polistena,4954,5258,10212
80062,Portigliola,536,578,1114
80063,Reggio di Calabria,85592,93168,178760
80064,Riace,1091,1051,2142
80065,Rizziconi,3876,3855,7731
80066,Roccaforte del Greco,199,205,404
80067,Roccella Ionica,3020,3366,6386
80068,Roghudi,482,490,972
80069,Rosarno,7596,7382,14978
80070,Samo,372,391,763
80071,San Giorgio Morgeto,1456,1567,3023
80072,San Giovanni di Gerace,208,227,435
80073,San Lorenzo,1239,1241,2480
80074,San Luca,1793,1840,3633
80075,San Pietro di Carid 'e0,520,565,1085
80076,San Procopio,261,265,526
80077,San Roberto,815,812,1627
80078,Santa Cristina d'Aspromonte,417,401,818
80079,Sant'Agata del Bianco,286,297,583
80080,Sant'Alessio in Aspromonte,162,158,320
80081,Sant'Eufemia d'Aspromonte,1906,1993,3899
80082,Sant'Ilario dello Ionio,701,705,1406
80083,Santo Stefano in Aspromonte,663,557,1220
80084,Scido,427,454,881
80085,Scilla,2317,2481,4798
80086,Seminara,1275,1334,2609
80087,Serrata,399,414,813
80088,Siderno,8908,9219,18127
80089,Sinopoli,981,974,1955
80090,Staiti,99,113,212
80091,Stignano,681,637,1318
80092,Stilo,1281,1218,2499
80093,Taurianova,7445,7835,15280
80094,Terranova Sappo Minulio,248,235,483
80095,Varapodio,1005,1045,2050
80096,Villa San Giovanni,6544,6824,13368
80097,San Ferdinando,2556,2145,4701
35001,Albinea,4289,4547,8836
35002,Bagnolo in Piano,4776,5008,9784
35003,Baiso,1658,1567,3225
35004,Bibbiano,5059,5134,10193
35005,Boretto,2621,2710,5331
35006,Brescello,2822,2814,5636
35008,Cadelbosco di Sopra,5306,5473,10779
35009,Campagnola Emilia,2842,2884,5726
35010,Campegine,2637,2661,5298
35011,Carpineti,1957,1999,3956
35012,Casalgrande,9530,9532,19062
35013,Casina,2190,2210,4400
35014,Castellarano,7682,7739,15421
35015,Castelnovo di Sotto,4197,4319,8516
35016,Castelnovo ne' Monti,5127,5352,10479
35017,Cavriago,4775,5073,9848
35018,Canossa,1903,1826,3729
35020,Correggio,12387,12904,25291
35021,Fabbrico,3339,3302,6641
35022,Gattatico,2924,2876,5800
35023,Gualtieri,3183,3183,6366
35024,Guastalla,7311,7633,14944
35026,Luzzara,4415,4288,8703
35027,Montecchio Emilia,5102,5415,10517
35028,Novellara,6644,6865,13509
35029,Poviglio,3632,3651,7283
35030,Quattro Castella,6430,6789,13219
35032,Reggiolo,4581,4560,9141
35033,Reggio nell'Emilia,84051,88073,172124
35034,Rio Saliceto,3006,3022,6028
35035,Rolo,2028,1974,4002
35036,Rubiera,7274,7549,14823
35037,San Martino in Rio,4092,4109,8201
35038,San Polo d'Enza,3096,3212,6308
35039,Sant'Ilario d'Enza,5572,5737,11309
35040,Scandiano,12567,13329,25896
35041,Toano,2198,2131,4329
35042,Vetto,920,882,1802
35043,Vezzano sul Crostolo,2100,2173,4273
35044,Viano,1669,1663,3332
35045,Villa Minozzo,1824,1785,3609
35046,Ventasso,2025,2057,4082
57001,Accumoli,308,277,585
57002,Amatrice,1259,1122,2381
57003,Antrodoco,1239,1199,2438
57004,Ascrea,113,103,216
57005,Belmonte in Sabina,328,311,639
57006,Borbona,308,295,603
57007,Borgorose,2256,2118,4374
57008,Borgo Velino,442,505,947
57009,Cantalice,1286,1290,2576
57010,Cantalupo in Sabina,820,832,1652
57011,Casaprota,357,360,717
57012,Casperia,590,623,1213
57013,Castel di Tora,145,125,270
57014,Castelnuovo di Farfa,539,513,1052
57015,Castel Sant'Angelo,595,608,1203
57016,Cittaducale,3234,3365,6599
57017,Cittareale,227,199,426
57018,Collalto Sabino,204,194,398
57019,Colle di Tora,191,167,358
57020,Collegiove,76,64,140
57021,Collevecchio,761,758,1519
57022,Colli sul Velino,232,246,478
57023,Concerviano,132,141,273
57024,Configni,289,279,568
57025,Contigliano,1951,1935,3886
57026,Cottanello,284,246,530
57027,Fara in Sabina,6885,7071,13956
57028,Fiamignano,659,600,1259
57029,Forano,1600,1596,3196
57030,Frasso Sabino,352,371,723
57031,Greccio,763,788,1551
57032,Labro,176,187,363
57033,Leonessa,1113,1105,2218
57034,Longone Sabino,287,268,555
57035,Magliano Sabina,1774,1860,3634
57036,Marcetelli,37,32,69
57037,Micigliano,68,50,118
57038,Mompeo,233,250,483
57039,Montasola,210,177,387
57040,Montebuono,433,436,869
57041,Monteleone Sabino,580,621,1201
57042,Montenero Sabino,147,132,279
57043,Monte San Giovanni in Sabina,340,318,658
57044,Montopoli di Sabina,2059,2101,4160
57045,Morro Reatino,179,173,352
57046,Nespolo,113,88,201
57047,Orvinio,212,186,398
57048,Paganico Sabino,76,81,157
57049,Pescorocchiano,1008,968,1976
57050,Petrella Salto,591,506,1097
57051,Poggio Bustone,984,989,1973
57052,Poggio Catino,608,660,1268
57053,Poggio Mirteto,3113,3206,6319
57054,Poggio Moiano,1407,1404,2811
57055,Poggio Nativo,1302,1235,2537
57056,Poggio San Lorenzo,273,244,517
57057,Posta,322,289,611
57058,Pozzaglia Sabina,154,160,314
57059,Rieti,22389,24361,46750
57060,Rivodutri,597,590,1187
57061,Roccantica,263,280,543
57062,Rocca Sinibalda,410,369,779
57063,Salisano,249,269,518
57064,Scandriglia,1603,1522,3125
57065,Selci,540,541,1081
57066,Stimigliano,1158,1159,2317
57067,Tarano,694,719,1413
57068,Toffia,531,532,1063
57069,Torricella in Sabina,689,659,1348
57070,Torri in Sabina,621,602,1223
57071,Turania,139,95,234
57072,Vacone,110,118,228
57073,Varco Sabino,94,78,172
99001,Bellaria-Igea Marina,9529,10047,19576
99002,Cattolica,8080,9018,17098
99003,Coriano,5203,5326,10529
99004,Gemmano,581,549,1130
99005,Misano Adriatico,6691,6930,13621
99006,Mondaino,673,682,1355
99008,Montefiore Conca,1107,1129,2236
99009,Montegridolfo,496,500,996
99011,Morciano di Romagna,3442,3699,7141
99013,Riccione,16552,18707,35259
99014,Rimini,72553,78647,151200
99015,Saludecio,1560,1505,3065
99016,San Clemente,2812,2841,5653
99017,San Giovanni in Marignano,4575,4902,9477
99018,Santarcangelo di Romagna,10809,11553,22362
99020,Verucchio,5088,5015,10103
99021,Casteldelci,187,196,383
99022,Maiolo,417,383,800
99023,Novafeltria,3498,3576,7074
99024,Pennabilli,1328,1369,2697
99025,San Leo,1434,1443,2877
99026,Sant'Agata Feltria,1045,1018,2063
99027,Talamello,521,558,1079
99028,Poggio Torriana,2575,2597,5172
99029,Montescudo - Monte Colombo,3448,3402,6850
58001,Affile,727,736,1463
58002,Agosta,851,887,1738
58003,Albano Laziale,19631,21248,40879
58004,Allumiere,1945,1969,3914
58005,Anguillara Sabazia,9582,9917,19499
58006,Anticoli Corrado,417,431,848
58007,Anzio,28849,29102,57951
58008,Arcinazzo Romano,642,644,1286
58009,Ariccia,8905,9713,18618
58010,Arsoli,678,776,1454
58011,Artena,6972,7061,14033
58012,Bellegra,1360,1440,2800
58013,Bracciano,9069,9828,18897
58014,Camerata Nuova,218,202,420
58015,Campagnano di Roma,5559,5921,11480
58016,Canale Monterano,2050,2148,4198
58017,Canterano,192,158,350
58018,Capena,5528,5430,10958
58019,Capranica Prenestina,175,147,322
58020,Carpineto Romano,2090,2188,4278
58021,Casape,333,345,678
58022,Castel Gandolfo,4204,4665,8869
58023,Castel Madama,3633,3630,7263
58024,Castelnuovo di Porto,4296,4415,8711
58025,Castel San Pietro Romano,415,438,853
58026,Cave,5475,5509,10984
58027,Cerreto Laziale,532,549,1081
58028,Cervara di Roma,248,202,450
58029,Cerveteri,18825,19424,38249
58030,Ciciliano,659,619,1278
58031,Cineto Romano,285,301,586
58032,Civitavecchia,25315,27491,52806
58033,Civitella San Paolo,1046,1017,2063
58034,Colleferro,10245,11019,21264
58035,Colonna,2076,2216,4292
58036,Fiano Romano,8051,7940,15991
58037,Filacciano,210,224,434
58038,Formello,6505,7000,13505
58039,Frascati,10916,11970,22886
58040,Gallicano nel Lazio,3254,3214,6468
58041,Gavignano,975,947,1922
58042,Genazzano,2881,2924,5805
58043,Genzano di Roma,11549,12206,23755
58044,Gerano,597,609,1206
58045,Gorga,351,351,702
58046,Grottaferrata,9651,11025,20676
58047,Guidonia Montecelio,44878,45579,90457
58048,Jenne,168,181,349
58049,Labico,3212,3286,6498
58050,Lanuvio,6631,6622,13253
58051,Licenza,441,455,896
58052,Magliano Romano,758,745,1503
58053,Mandela,457,454,911
58054,Manziana,3808,4006,7814
58055,Marano Equo,398,384,782
58056,Marcellina,3593,3587,7180
58057,Marino,22349,23573,45922
58058,Mazzano Romano,1550,1557,3107
58059,Mentana,11501,11805,23306
58060,Monte Compatri,5976,6151,12127
58061,Monteflavio,575,667,1242
58062,Montelanico,1035,1084,2119
58063,Montelibretti,2496,2716,5212
58064,Monte Porzio Catone,4176,4490,8666
58065,Monterotondo,20304,21654,41958
58066,Montorio Romano,1023,1011,2034
58067,Moricone,1259,1265,2524
58068,Morlupo,4197,4472,8669
58069,Nazzano,690,665,1355
58070,Nemi,971,959,1930
58071,Nerola,950,971,1921
58072,Nettuno,24853,25300,50153
58073,Olevano Romano,3314,3340,6654
58074,Palestrina,11047,11404,22451
58075,Palombara Sabina,6466,6590,13056
58076,Percile,113,102,215
58077,Pisoniano,358,378,736
58078,Poli,1149,1172,2321
58079,Pomezia,32066,32351,64417
58080,Ponzano Romano,591,552,1143
58081,Riano,5282,5317,10599
58082,Rignano Flaminio,5051,5348,10399
58083,Riofreddo,368,374,742
58084,Rocca Canterano,101,87,188
58085,Rocca di Cave,178,176,354
58086,Rocca di Papa,8704,8637,17341
58087,Roccagiovine,126,132,258
58088,Rocca Priora,6163,6095,12258
58089,Rocca Santo Stefano,488,461,949
58090,Roiate,329,345,674
58091,Roma,1341940,1495392,2837332
58092,Roviano,624,691,1315
58093,Sacrofano,3811,3947,7758
58094,Sambuci,424,450,874
58095,San Gregorio da Sassola,751,739,1490
58096,San Polo dei Cavalieri,1432,1393,2825
58097,Santa Marinella,9165,9782,18947
58098,Sant'Angelo Romano,2475,2508,4983
58099,Sant'Oreste,1812,1838,3650
58100,San Vito Romano,1636,1629,3265
58101,Saracinesco,102,70,172
58102,Segni,4493,4699,9192
58103,Subiaco,4351,4449,8800
58104,Tivoli,27738,29012,56750
58105,Tolfa,2485,2438,4923
58106,Torrita Tiberina,526,544,1070
58107,Trevignano Romano,2849,3036,5885
58108,Vallepietra,124,134,258
58109,Vallinfreda,150,137,287
58110,Valmontone,7983,8143,16126
58111,Velletri,26173,27354,53527
58112,Vicovaro,1878,1924,3802
58113,Vivaro Romano,88,75,163
58114,Zagarolo,9207,9164,18371
58115,Lariano,6658,6845,13503
58116,Ladispoli,20397,21401,41798
58117,Ardea,25955,24998,50953
58118,Ciampino,18662,20456,39118
58119,San Cesareo,8043,8049,16092
58120,Fiumicino,40605,41113,81718
58122,Fonte Nuova,16591,16930,33521
29001,Adria,9304,9855,19159
29002,Ariano nel Polesine,2027,2166,4193
29003,Arqu 'e0 Polesine,1312,1355,2667
29004,Badia Polesine,4934,5191,10125
29005,Bagnolo di Po,609,594,1203
29006,Bergantino,1223,1283,2506
29007,Bosaro,712,743,1455
29008,Calto,336,350,686
29009,Canaro,1300,1370,2670
29010,Canda,435,435,870
29011,Castelguglielmo,783,759,1542
29012,Castelmassa,1926,2125,4051
29013,Castelnovo Bariano,1310,1337,2647
29014,Ceneselli,776,823,1599
29015,Ceregnano,1713,1797,3510
29017,Corbola,1088,1217,2305
29018,Costa di Rovigo,1173,1313,2486
29019,Crespino,833,928,1761
29021,Ficarolo,1127,1178,2305
29022,Fiesso Umbertiano,1918,2022,3940
29023,Frassinelle Polesine,705,695,1400
29024,Fratta Polesine,1211,1371,2582
29025,Gaiba,478,503,981
29026,Gavello,765,752,1517
29027,Giacciano con Baruchella,1040,1034,2074
29028,Guarda Veneta,536,585,1121
29029,Lendinara,5615,5935,11550
29030,Loreo,1683,1709,3392
29031,Lusia,1694,1721,3415
29032,Melara,834,900,1734
29033,Occhiobello,5891,6201,12092
29034,Papozze,692,741,1433
29035,Pettorazza Grimani,787,741,1528
29036,Pincara,566,569,1135
29037,Polesella,1889,1935,3824
29038,Pontecchio Polesine,1115,1076,2191
29039,Porto Tolle,4639,4776,9415
29040,Rosolina,3142,3152,6294
29041,Rovigo,24440,26609,51049
29042,Salara,535,580,1115
29043,San Bellino,545,522,1067
29044,San Martino di Venezze,1864,1984,3848
29045,Stienta,1565,1588,3153
29046,Taglio di Po,4046,4089,8135
29047,Trecenta,1264,1361,2625
29048,Villadose,2408,2521,4929
29049,Villamarzana,578,562,1140
29050,Villanova del Ghebbo,992,984,1976
29051,Villanova Marchesana,457,441,898
29052,Porto Viro,6850,7243,14093
65001,Acerno,1316,1297,2613
65002,Agropoli,10799,11184,21983
65003,Albanella,3178,3233,6411
65004,Alfano,479,510,989
65005,Altavilla Silentina,3458,3603,7061
65006,Amalfi,2421,2583,5004
65007,Angri,16788,17552,34340
65008,Aquara,710,713,1423
65009,Ascea,2960,2989,5949
65010,Atena Lucana,1210,1207,2417
65011,Atrani,407,430,837
65012,Auletta,1100,1117,2217
65013,Baronissi,8483,8751,17234
65014,Battipaglia,24909,25871,50780
65015,Bellosguardo,357,389,746
65016,Bracigliano,2741,2740,5481
65017,Buccino,2350,2428,4778
65018,Buonabitacolo,1218,1291,2509
65019,Caggiano,1323,1328,2651
65020,Calvanico,726,730,1456
65021,Camerota,3577,3627,7204
65022,Campagna,8693,8416,17109
65023,Campora,180,188,368
65024,Cannalonga,507,502,1009
65025,Capaccio Paestum,11554,11436,22990
65026,Casalbuono,563,580,1143
65027,Casaletto Spartano,645,701,1346
65028,Casal Velino,2734,2734,5468
65029,Caselle in Pittari,941,953,1894
65030,Castelcivita,783,781,1564
65031,Castellabate,4436,4520,8956
65032,Castelnuovo Cilento,1361,1479,2840
65033,Castelnuovo di Conza,306,296,602
65034,Castel San Giorgio,6761,6934,13695
65035,Castel San Lorenzo,1110,1203,2313
65036,Castiglione del Genovesi,698,627,1325
65037,Cava de' Tirreni,25427,27137,52564
65038,Celle di Bulgheria,871,933,1804
65039,Centola,2605,2482,5087
65040,Ceraso,1139,1162,2301
65041,Cetara,1014,1047,2061
65042,Cicerale,601,607,1208
65043,Colliano,1729,1792,3521
65044,Conca dei Marini,348,327,675
65045,Controne,408,398,806
65046,Contursi Terme,1640,1672,3312
65047,Corbara,1232,1293,2525
65048,Corleto Monforte,261,267,528
65049,Cuccaro Vetere,249,306,555
65050,Eboli,20006,19436,39442
65051,Felitto,572,641,1213
65052,Fisciano,6877,7001,13878
65053,Furore,400,347,747
65054,Futani,518,608,1126
65055,Giffoni Sei Casali,2503,2540,5043
65056,Giffoni Valle Piana,5822,6013,11835
65057,Gioi,556,634,1190
65058,Giungano,645,661,1306
65059,Ispani,507,494,1001
65060,Laureana Cilento,593,598,1191
65061,Laurino,695,681,1376
65062,Laurito,372,373,745
65063,Laviano,672,706,1378
65064,Lustra,528,505,1033
65065,Magliano Vetere,312,332,644
65066,Maiori,2709,2805,5514
65067,Mercato San Severino,10862,11328,22190
65068,Minori,1318,1361,2679
65069,Moio della Civitella,898,976,1874
65070,Montano Antilia,918,994,1912
65071,Montecorice,1370,1261,2631
65072,Montecorvino Pugliano,5586,5500,11086
65073,Montecorvino Rovella,6295,6230,12525
65074,Monteforte Cilento,280,256,536
65075,Monte San Giacomo,739,768,1507
65076,Montesano sulla Marcellana,3155,3284,6439
65077,Morigerati,307,316,623
65078,Nocera Inferiore,22063,23382,45445
65079,Nocera Superiore,11926,12338,24264
65080,Novi Velia,1181,1140,2321
65081,Ogliastro Cilento,1130,1140,2270
65082,Olevano sul Tusciano,3304,3399,6703
65083,Oliveto Citra,1817,1885,3702
65084,Omignano,805,841,1646
65085,Orria,512,510,1022
65086,Ottati,324,320,644
65087,Padula,2631,2677,5308
65088,Pagani,17282,18122,35404
65089,Palomonte,1958,1946,3904
65090,Pellezzano,5485,5633,11118
65091,Perdifumo,875,892,1767
65092,Perito,436,440,876
65093,Pertosa,324,346,670
65094,Petina,542,541,1083
65095,Piaggine,592,639,1231
65096,Pisciotta,1265,1290,2555
65097,Polla,2537,2727,5264
65098,Pollica,1125,1159,2284
65099,Pontecagnano Faiano,12986,13404,26390
65100,Positano,1889,1965,3854
65101,Postiglione,1023,1025,2048
65102,Praiano,1006,1014,2020
65103,Prignano Cilento,531,532,1063
65104,Ravello,1206,1263,2469
65105,Ricigliano,534,568,1102
65106,Roccadaspide,3414,3622,7036
65107,Roccagloriosa,816,812,1628
65108,Roccapiemonte,4401,4522,8923
65109,Rofrano,742,716,1458
65110,Romagnano al Monte,170,207,377
65111,Roscigno,340,339,679
65112,Rutino,411,380,791
65113,Sacco,222,232,454
65114,Sala Consilina,5894,6222,12116
65115,Salento,953,976,1929
65116,Salerno,62110,70592,132702
65117,Salvitelle,238,270,508
65118,San Cipriano Picentino,3228,3373,6601
65119,San Giovanni a Piro,1835,1884,3719
65120,San Gregorio Magno,1983,2106,4089
65121,San Mango Piemonte,1340,1362,2702
65122,San Marzano sul Sarno,5219,5314,10533
65123,San Mauro Cilento,448,420,868
65124,San Mauro la Bruca,265,284,549
65125,San Pietro al Tanagro,826,863,1689
65126,San Rufo,836,844,1680
65127,Santa Marina,1585,1658,3243
65128,Sant'Angelo a Fasanella,257,289,546
65129,Sant'Arsenio,1325,1446,2771
65130,Sant'Egidio del Monte Albino,4339,4513,8852
65131,Santomenna,210,204,414
65132,San Valentino Torio,5486,5530,11016
65133,Sanza,1267,1210,2477
65134,Sapri,3151,3463,6614
65135,Sarno,15457,15805,31262
65136,Sassano,2366,2502,4868
65137,Scafati,24432,25565,49997
65138,Scala,776,746,1522
65139,Serramezzana,131,161,292
65140,Serre,1953,1924,3877
65141,Sessa Cilento,593,651,1244
65142,Siano,4720,4957,9677
65143,Sicignano degli Alburni,1658,1610,3268
65144,Stella Cilento,334,355,689
65145,Stio,384,418,802
65146,Teggiano,3654,3962,7616
65147,Torchiara,898,952,1850
65148,Torraca,616,617,1233
65149,Torre Orsaia,1009,1053,2062
65150,Tortorella,247,251,498
65151,Tramonti,2045,2086,4131
65152,Trentinara,810,790,1600
65153,Valle dell'Angelo,116,109,225
65154,Vallo della Lucania,3937,4353,8290
65155,Valva,808,809,1617
65156,Vibonati,1623,1645,3268
65157,Vietri sul Mare,3720,3842,7562
65158,Bellizzi,6716,6906,13622
90001,Aggius,678,760,1438
90002,Al 'e0 dei Sardi,913,919,1832
90003,Alghero,21055,22688,43743
90004,Anela,306,305,611
90005,Ardara,389,371,760
90006,Arzachena,6966,6849,13815
90007,Banari,268,268,536
90008,Benetutti,876,908,1784
90009,Berchidda,1338,1356,2694
90010,Bessude,189,208,397
90011,Bonnanaro,451,501,952
90012,Bono,1712,1776,3488
90013,Bonorva,1649,1661,3310
90014,Bortigiadas,366,377,743
90015,Borutta,128,139,267
90016,Bottidda,333,336,669
90017,Buddus 'f2,1900,1862,3762
90018,Bultei,429,435,864
90019,Bulzi,254,233,487
90020,Burgos,439,439,878
90021,Calangianus,1987,1991,3978
90022,Cargeghe,317,300,617
90023,Castelsardo,2924,2943,5867
90024,Cheremule,203,214,417
90025,Chiaramonti,781,792,1573
90026,Codrongianos,651,656,1307
90027,Cossoine,396,392,788
90028,Esporlatu,179,201,380
90029,Florinas,732,768,1500
90030,Giave,258,250,508
90031,Illorai,373,425,798
90032,Ittireddu,253,232,485
90033,Ittiri,4137,4242,8379
90034,Laerru,441,440,881
90035,La Maddalena,5489,5562,11051
90036,Luogosanto,939,921,1860
90037,Luras,1209,1277,2486
90038,Mara,273,289,562
90039,Martis,238,240,478
90040,Monteleone Rocca Doria,49,58,107
90041,Monti,1211,1188,2399
90042,Mores,932,941,1873
90043,Muros,410,419,829
90044,Nughedu San Nicol 'f2,385,398,783
90045,Nule,670,666,1336
90046,Nulvi,1341,1358,2699
90047,Olbia,30370,30953,61323
90048,Olmedo,2095,2090,4185
90049,Oschiri,1577,1565,3142
90050,Osilo,1439,1498,2937
90051,Ossi,2764,2882,5646
90052,Ozieri,5133,5201,10334
90053,Padria,314,320,634
90054,Palau,2147,2098,4245
90055,Pattada,1518,1466,2984
90056,Perfugas,1169,1174,2343
90057,Ploaghe,2227,2213,4440
90058,Porto Torres,10936,11222,22158
90059,Pozzomaggiore,1251,1269,2520
90060,Putifigari,362,358,720
90061,Romana,247,276,523
90062,Aglientu,603,590,1193
90063,Santa Teresa Gallura,2710,2598,5308
90064,Sassari,60879,65339,126218
90065,Sedini,612,684,1296
90066,Semestene,68,74,142
90067,Sennori,3540,3595,7135
90068,Siligo,407,431,838
90069,Sorso,7520,7272,14792
90070,Tempio Pausania,6912,6886,13798
90071,Thiesi,1423,1443,2866
90072,Tissi,1219,1168,2387
90073,Torralba,466,472,938
90074,Trinit 'e0 d'Agultu e Vignola,1104,1129,2233
90075,Tula,763,736,1499
90076,Uri,1503,1418,2921
90077,Usini,2162,2144,4306
90078,Villanova Monteleone,1097,1125,2222
90079,Valledoria,2202,2121,4323
90080,Telti,1153,1143,2296
90081,Badesi,910,947,1857
90082,Viddalba,836,827,1663
90083,Golfo Aranci,1200,1268,2468
90084,Loiri Porto San Paolo,1812,1811,3623
90085,Sant'Antonio di Gallura,735,757,1492
90086,Tergu,296,313,609
90087,Santa Maria Coghinas,697,671,1368
90088,Erula,373,352,725
90089,Stintino,801,780,1581
90090,Padru,1074,1033,2107
90091,Budoni,2607,2692,5299
90092,San Teodoro,2530,2496,5026
9001,Alassio,4912,5740,10652
9002,Albenga,11756,12305,24061
9003,Albissola Marina,2521,2818,5339
9004,Albisola Superiore,4559,5183,9742
9005,Altare,994,1007,2001
9006,Andora,3593,3900,7493
9007,Arnasco,306,290,596
9008,Balestrino,259,278,537
9009,Bardineto,371,390,761
9010,Bergeggi,507,566,1073
9011,Boissano,1267,1244,2511
9012,Borghetto Santo Spirito,2188,2471,4659
9013,Borgio Verezzi,996,1150,2146
9014,Bormida,178,179,357
9015,Cairo Montenotte,6299,6542,12841
9016,Calice Ligure,850,872,1722
9017,Calizzano,708,730,1438
9018,Carcare,2544,2867,5411
9019,Casanova Lerrone,361,372,733
9020,Castelbianco,158,162,320
9021,Castelvecchio di Rocca Barbena,69,76,145
9022,Celle Ligure,2425,2643,5068
9023,Cengio,1682,1739,3421
9024,Ceriale,2665,2794,5459
9025,Cisano sul Neva,1036,1053,2089
9026,Cosseria,527,538,1065
9027,Dego,959,986,1945
9028,Erli,118,105,223
9029,Finale Ligure,5452,5906,11358
9030,Garlenda,627,638,1265
9031,Giustenice,498,502,1000
9032,Giusvalla,218,197,415
9033,Laigueglia,814,945,1759
9034,Loano,5113,5921,11034
9035,Magliolo,487,447,934
9036,Mallare,525,556,1081
9037,Massimino,56,52,108
9038,Millesimo,1591,1690,3281
9039,Mioglia,250,255,505
9040,Murialdo,416,369,785
9041,Nasino,99,90,189
9042,Noli,1258,1332,2590
9043,Onzo,100,116,216
9044,Orco Feglino,455,438,893
9045,Ortovero,803,809,1612
9046,Osiglia,236,214,450
9047,Pallare,463,471,934
9048,Piana Crixia,396,401,797
9049,Pietra Ligure,4066,4545,8611
9050,Plodio,323,319,642
9051,Pontinvrea,438,400,838
9052,Quiliano,3392,3659,7051
9053,Rialto,278,275,553
9054,Roccavignale,381,392,773
9055,Sassello,908,859,1767
9056,Savona,28085,31848,59933
9057,Spotorno,1716,1910,3626
9058,Stella,1502,1458,2960
9059,Stellanello,447,392,839
9060,Testico,90,82,172
9061,Toirano,1313,1382,2695
9062,Tovo San Giacomo,1251,1326,2577
9063,Urbe,350,338,688
9064,Vado Ligure,3997,4310,8307
9065,Varazze,6223,6678,12901
9066,Vendone,173,189,362
9067,Vezzi Portio,403,401,804
9068,Villanova d'Albenga,1368,1406,2774
9069,Zuccarello,143,153,296
52001,Abbadia San Salvatore,2952,3289,6241
52002,Asciano,3431,3607,7038
52003,Buonconvento,1489,1598,3087
52004,Casole d'Elsa,1877,1926,3803
52005,Castellina in Chianti,1452,1355,2807
52006,Castelnuovo Berardenga,4381,4677,9058
52007,Castiglione d'Orcia,1091,1169,2260
52008,Cetona,1232,1331,2563
52009,Chianciano Terme,3310,3715,7025
52010,Chiusdino,916,929,1845
52011,Chiusi,4035,4279,8314
52012,Colle di Val d'Elsa,10582,11251,21833
52013,Gaiole in Chianti,1321,1314,2635
52015,Montepulciano,6519,7172,13691
52016,Monteriggioni,4920,5127,10047
52017,Monteroni d'Arbia,4430,4637,9067
52018,Monticiano,764,761,1525
52019,Murlo,1209,1184,2393
52020,Piancastagnaio,1967,2097,4064
52021,Pienza,978,1080,2058
52022,Poggibonsi,14057,14902,28959
52023,Radda in Chianti,737,781,1518
52024,Radicofani,533,540,1073
52025,Radicondoli,463,451,914
52026,Rapolano Terme,2610,2722,5332
52027,San Casciano dei Bagni,765,810,1575
52028,San Gimignano,3885,3832,7717
52030,San Quirico d'Orcia,1256,1383,2639
52031,Sarteano,2198,2427,4625
52032,Siena,24986,28936,53922
52033,Sinalunga,6045,6410,12455
52034,Sovicille,4826,5187,10013
52035,Torrita di Siena,3493,3660,7153
52036,Trequanda,615,604,1219
52037,Montalcino,2815,2955,5770
89001,Augusta,17624,18074,35698
89002,Avola,15319,15826,31145
89003,Buccheri,892,997,1889
89004,Buscemi,507,488,995
89005,Canicattini Bagni,3330,3571,6901
89006,Carlentini,8462,8999,17461
89007,Cassaro,359,392,751
89008,Ferla,1167,1233,2400
89009,Floridia,11161,11396,22557
89010,Francofonte,6069,6280,12349
89011,Lentini,11109,11870,22979
89012,Melilli,6932,6653,13585
89013,Noto,12097,12057,24154
89014,Pachino,11295,11017,22312
89015,Palazzolo Acreide,4118,4363,8481
89016,Rosolini,10424,10698,21122
89017,Siracusa,58953,61452,120405
89018,Solarino,3901,3984,7885
89019,Sortino,4164,4250,8414
89020,Portopalo di Capo Passero,1955,1912,3867
89021,Priolo Gargallo,5756,5931,11687
14001,Albaredo per San Marco,156,130,286
14002,Albosaggia,1515,1482,2997
14003,Andalo Valtellino,298,289,587
14004,Aprica,767,779,1546
14005,Ardenno,1637,1620,3257
14006,Bema,60,58,118
14007,Berbenno di Valtellina,2049,2049,4098
14008,Bianzone,646,649,1295
14009,Bormio,2060,2101,4161
14010,Buglio in Monte,996,1003,1999
14011,Caiolo,537,547,1084
14012,Campodolcino,466,468,934
14013,Caspoggio,675,692,1367
14014,Castello dell'Acqua,308,311,619
14015,Castione Andevenno,795,780,1575
14016,Cedrasco,210,220,430
14017,Cercino,401,393,794
14018,Chiavenna,3466,3864,7330
14019,Chiesa in Valmalenco,1206,1227,2433
14020,Chiuro,1201,1324,2525
14021,Cino,174,166,340
14022,Civo,584,543,1127
14023,Colorina,690,687,1377
14024,Cosio Valtellino,2744,2723,5467
14025,Dazio,210,247,457
14026,Delebio,1696,1648,3344
14027,Dubino,1853,1858,3711
14028,Faedo Valtellino,275,279,554
14029,Forcola,389,407,796
14030,Fusine,283,279,562
14031,Gerola Alta,92,65,157
14032,Gordona,974,983,1957
14033,Grosio,2131,2340,4471
14034,Grosotto,827,843,1670
14035,Madesimo,276,257,533
14036,Lanzada,673,627,1300
14037,Livigno,3478,3291,6769
14038,Lovero,323,307,630
14039,Mantello,364,378,742
14040,Mazzo di Valtellina,487,508,995
14041,Mello,478,462,940
14043,Mese,897,924,1821
14044,Montagna in Valtellina,1427,1539,2966
14045,Morbegno,6042,6401,12443
14046,Novate Mezzola,925,979,1904
14047,Pedesina,21,16,37
14048,Piantedo,702,705,1407
14049,Piateda,1013,1131,2144
14050,Piuro,962,957,1919
14051,Poggiridenti,905,947,1852
14052,Ponte in Valtellina,1098,1154,2252
14053,Postalesio,327,334,661
14054,Prata Camportaccio,1489,1468,2957
14055,Rasura,151,138,289
14056,Rogolo,277,268,545
14057,Samolaco,1413,1491,2904
14058,San Giacomo Filippo,180,174,354
14059,Sernio,241,247,488
14060,Sondalo,1974,2069,4043
14061,Sondrio,10050,11407,21457
14062,Spriana,40,41,81
14063,Talamona,2301,2383,4684
14064,Tartano,108,87,195
14065,Teglio,2231,2293,4524
14066,Tirano,4316,4670,8986
14067,Torre di Santa Maria,372,379,751
14068,Tovo di Sant'Agata,331,316,647
14069,Traona,1442,1411,2853
14070,Tresivio,992,1024,2016
14071,Valdidentro,2120,2059,4179
14072,Valdisotto,1813,1801,3614
14073,Valfurva,1258,1293,2551
14074,Val Masino,449,419,868
14075,Verceia,535,541,1076
14076,Vervio,114,100,214
14077,Villa di Chiavenna,488,468,956
14078,Villa di Tirano,1469,1500,2969
111001,Arbus,3012,3091,6103
111002,Armungia,221,219,440
111003,Ballao,381,362,743
111004,Barrali,567,542,1109
111005,Barumini,604,621,1225
111006,Buggerru,526,522,1048
111007,Burcei,1389,1351,2740
111008,Calasetta,1438,1409,2847
111009,Carbonia,13152,14459,27611
111010,Carloforte,2999,3096,6095
111011,Castiadas,864,814,1678
111012,Collinas,391,412,803
111013,Decimoputzu,2187,2140,4327
111014,Dolianova,4838,4776,9614
111015,Domus de Maria,853,802,1655
111016,Domusnovas,2975,3062,6037
111017,Donori,1015,1014,2029
111018,Escalaplano,1127,995,2122
111019,Escolca,266,294,560
111020,Esterzili,275,305,580
111021,Fluminimaggiore,1414,1393,2807
111022,Furtei,790,782,1572
111023,Genoni,392,395,787
111024,Genuri,148,159,307
111025,Gergei,602,575,1177
111026,Gesico,408,400,808
111027,Gesturi,597,609,1206
111028,Giba,969,1013,1982
111029,Goni,249,213,462
111030,Gonnesa,2419,2436,4855
111031,Gonnosfanadiga,3133,3282,6415
111032,Guamaggiore,471,474,945
111033,Guasila,1316,1312,2628
111034,Guspini,5685,5814,11499
111035,Iglesias,12639,13661,26300
111036,Isili,1258,1321,2579
111037,Las Plassas,117,104,221
111038,Lunamatrona,813,848,1661
111039,Mandas,1049,1045,2094
111040,Masainas,616,655,1271
111041,Monastir,2293,2296,4589
111042,Muravera,2578,2691,5269
111043,Musei,794,729,1523
111044,Narcao,1574,1579,3153
111045,Nuragus,423,439,862
111046,Nurallao,620,590,1210
111047,Nuraminis,1218,1235,2453
111048,Nurri,1073,1036,2109
111049,Nuxis,733,773,1506
111050,Orroli,1071,1061,2132
111051,Ortacesus,466,416,882
111052,Pabillonis,1382,1302,2684
111053,Pauli Arbarei,290,292,582
111054,Perdaxius,688,677,1365
111055,Pimentel,600,560,1160
111056,Piscinas,395,432,827
111057,Portoscuso,2449,2549,4998
111058,Sadali,478,446,924
111059,Samassi,2433,2585,5018
111060,Samatzai,798,817,1615
111061,San Basilio,605,586,1191
111062,San Gavino Monreale,4100,4300,8400
111063,San Giovanni Suergiu,2949,2947,5896
111064,San Nicol 'f2 Gerrei,379,348,727
111065,San Sperate,4234,4186,8420
111066,San Vito,1777,1787,3564
111067,Sanluri,4131,4254,8385
111068,Santadi,1630,1666,3296
111069,Sant'Andrea Frius,893,827,1720
111070,Sant'Anna Arresi,1382,1335,2717
111071,Sant'Antioco,5468,5558,11026
111072,Sardara,1952,1996,3948
111073,Segariu,566,566,1132
111074,Selegas,662,685,1347
111075,Senorb 'ec,2421,2428,4849
111076,Serdiana,1338,1326,2664
111077,Serramanna,4438,4478,8916
111078,Serrenti,2391,2347,4738
111079,Serri,323,318,641
111080,Setzu,68,69,137
111081,Seui,631,608,1239
111082,Seulo,410,383,793
111083,Siddi,307,313,620
111084,Siliqua,1849,1857,3706
111085,Silius,605,524,1129
111086,Siurgus Donigala,958,982,1940
111087,Soleminis,930,930,1860
111088,Suelli,556,544,1100
111089,Teulada,1787,1661,3448
111090,Tratalias,534,502,1036
111091,Tuili,484,495,979
111092,Turri,204,205,409
111093,Ussana,2036,2092,4128
111094,Ussaramanna,264,248,512
111095,Vallermosa,970,904,1874
111096,Villacidro,6868,6907,13775
111097,Villamar,1325,1279,2604
111098,Villamassargia,1735,1753,3488
111099,Villanova Tulo,551,505,1056
111100,Villanovaforru,364,292,656
111101,Villanovafranca,633,614,1247
111102,Villaperuccio,524,536,1060
111103,Villaputzu,2274,2341,4615
111104,Villasalto,503,513,1016
111105,Villasimius,1904,1846,3750
111106,Villasor,3429,3422,6851
111107,Villaspeciosa,1296,1301,2597
73001,Avetrana,3121,3384,6505
73002,Carosino,3314,3466,6780
73003,Castellaneta,8190,8531,16721
73004,Crispiano,6604,6799,13403
73005,Faggiano,1693,1777,3470
73006,Fragagnano,2478,2656,5134
73007,Ginosa,11061,11165,22226
73008,Grottaglie,15304,16331,31635
73009,Laterza,7415,7652,15067
73010,Leporano,4067,4026,8093
73011,Lizzano,4792,4997,9789
73012,Manduria,14991,15904,30895
73013,Martina Franca,23254,25015,48269
73014,Maruggio,2628,2633,5261
73015,Massafra,16064,16578,32642
73016,Monteiasi,2665,2834,5499
73017,Montemesola,1834,1902,3736
73018,Monteparano,1138,1202,2340
73019,Mottola,7704,8048,15752
73020,Palagianello,3774,4003,7777
73021,Palagiano,7945,8009,15954
73022,Pulsano,5620,5762,11382
73023,Roccaforzata,887,919,1806
73024,San Giorgio Ionico,7134,7655,14789
73025,San Marzano di San Giuseppe,4530,4557,9087
73026,Sava,7652,8162,15814
73027,Taranto,93262,101965,195227
73028,Torricella,2062,2128,4190
73029,Statte,6618,6911,13529
67001,Alba Adriatica,6088,6643,12731
67002,Ancarano,923,932,1855
67003,Arsita,392,406,798
67004,Atri,5201,5281,10482
67005,Basciano,1187,1175,2362
67006,Bellante,3431,3529,6960
67007,Bisenti,907,891,1798
67008,Campli,3453,3489,6942
67009,Canzano,916,915,1831
67010,Castel Castagna,234,223,457
67011,Castellalto,3788,3827,7615
67012,Castelli,508,517,1025
67013,Castiglione Messer Raimondo,1115,1070,2185
67014,Castilenti,743,692,1435
67015,Cellino Attanasio,1215,1185,2400
67016,Cermignano,788,788,1576
67017,Civitella del Tronto,2378,2409,4787
67018,Colledara,1072,1088,2160
67019,Colonnella,1833,1827,3660
67020,Controguerra,1138,1164,2302
67021,Corropoli,2522,2628,5150
67022,Cortino,324,282,606
67023,Crognaleto,643,526,1169
67024,Fano Adriano,143,129,272
67025,Giulianova,11311,12500,23811
67026,Isola del Gran Sasso d'Italia,2281,2340,4621
67027,Montefino,497,486,983
67028,Montorio al Vomano,3914,3949,7863
67029,Morro d'Oro,1755,1848,3603
67030,Mosciano Sant'Angelo,4589,4650,9239
67031,Nereto,2621,2778,5399
67032,Notaresco,3283,3352,6635
67033,Penna Sant'Andrea,836,872,1708
67034,Pietracamela,131,109,240
67035,Pineto,7203,7720,14923
67036,Rocca Santa Maria,259,238,497
67037,Roseto degli Abruzzi,12681,13409,26090
67038,Sant'Egidio alla Vibrata,4841,5031,9872
67039,Sant'Omero,2562,2709,5271
67040,Silvi,7692,7957,15649
67041,Teramo,25994,27825,53819
67042,Torano Nuovo,759,793,1552
67043,Torricella Sicura,1282,1290,2572
67044,Tortoreto,5820,6184,12004
67045,Tossicia,621,668,1289
67046,Valle Castellana,482,421,903
67047,Martinsicuro,8042,8269,16311
55001,Acquasparta,2232,2379,4611
55002,Allerona,848,874,1722
55003,Alviano,677,751,1428
55004,Amelia,5811,6041,11852
55005,Arrone,1310,1393,2703
55006,Attigliano,990,1022,2012
55007,Baschi,1306,1377,2683
55008,Calvi dell'Umbria,863,902,1765
55009,Castel Giorgio,976,1123,2099
55010,Castel Viscardo,1375,1450,2825
55011,Fabro,1333,1400,2733
55012,Ferentillo,908,931,1839
55013,Ficulle,809,813,1622
55014,Giove,905,969,1874
55015,Guardea,880,894,1774
55016,Lugnano in Teverina,724,709,1433
55017,Montecastrilli,2407,2529,4936
55018,Montecchio,791,806,1597
55019,Montefranco,651,647,1298
55020,Montegabbione,570,587,1157
55021,Monteleone d'Orvieto,654,726,1380
55022,Narni,9070,9817,18887
55023,Orvieto,9638,10652,20290
55024,Otricoli,891,916,1807
55025,Parrano,238,251,489
55026,Penna in Teverina,528,548,1076
55027,Polino,117,106,223
55028,Porano,908,1002,1910
55029,San Gemini,2369,2542,4911
55030,San Venanzo,1127,1070,2197
55031,Stroncone,2403,2363,4766
55032,Terni,52312,58218,110530
55033,Avigliano Umbro,1249,1204,2453
1001,Agli 'e8,1236,1402,2638
1002,Airasca,1870,1826,3696
1003,Ala di Stura,236,217,453
1004,Albiano d'Ivrea,815,826,1641
1006,Almese,3124,3251,6375
1007,Alpette,130,116,246
1008,Alpignano,8324,8487,16811
1009,Andezeno,1029,1029,2058
1010,Andrate,265,230,495
1011,Angrogna,439,406,845
1012,Arignano,574,507,1081
1013,Avigliana,6151,6448,12599
1014,Azeglio,611,639,1250
1015,Bairo,373,429,802
1016,Balangero,1523,1613,3136
1017,Baldissero Canavese,259,276,535
1018,Baldissero Torinese,1818,1841,3659
1019,Balme,61,51,112
1020,Banchette,1526,1699,3225
1021,Barbania,797,801,1598
1022,Bardonecchia,1572,1587,3159
1023,Barone Canavese,290,288,578
1024,Beinasco,8612,9244,17856
1025,Bibiana,1746,1730,3476
1026,Bobbio Pellice,262,284,546
1027,Bollengo,1087,1048,2135
1028,Borgaro Torinese,5809,6122,11931
1029,Borgiallo,304,293,597
1030,Borgofranco d'Ivrea,1741,1890,3631
1031,Borgomasino,379,417,796
1032,Borgone Susa,1107,1103,2210
1033,Bosconero,1551,1556,3107
1034,Brandizzo,4353,4469,8822
1035,Bricherasio,2259,2341,4600
1036,Brosso,190,211,401
1037,Brozolo,230,213,443
1038,Bruino,4247,4351,8598
1039,Brusasco,752,746,1498
1040,Bruzolo,758,761,1519
1041,Buriasco,666,689,1355
1042,Burolo,543,592,1135
1043,Busano,840,797,1637
1044,Bussoleno,2799,3025,5824
1045,Buttigliera Alta,3103,3244,6347
1046,Cafasse,1670,1713,3383
1047,Caluso,3634,3862,7496
1048,Cambiano,2896,3112,6008
1049,Campiglione Fenile,670,669,1339
1050,Candia Canavese,586,628,1214
1051,Candiolo,2797,2847,5644
1052,Canischio,141,133,274
1053,Cantalupa,1266,1324,2590
1054,Cantoira,311,274,585
1055,Caprie,1043,1035,2078
1056,Caravino,443,468,911
1057,Carema,361,404,765
1058,Carignano,4509,4732,9241
1059,Carmagnola,14162,14762,28924
1060,Casalborgone,928,952,1880
1061,Cascinette d'Ivrea,756,761,1517
1062,Caselette,1503,1538,3041
1063,Caselle Torinese,6902,7101,14003
1064,Castagneto Po,897,860,1757
1065,Castagnole Piemonte,1091,1111,2202
1066,Castellamonte,4851,4994,9845
1067,Castelnuovo Nigra,214,200,414
1068,Castiglione Torinese,3206,3294,6500
1069,Cavagnolo,1114,1133,2247
1070,Cavour,2692,2786,5478
1071,Cercenasco,876,905,1781
1072,Ceres,536,497,1033
1073,Ceresole Reale,86,77,163
1074,Cesana Torinese,514,426,940
1075,Chialamberto,173,182,355
1076,Chianocco,787,803,1590
1077,Chiaverano,985,1060,2045
1078,Chieri,17654,19116,36770
1079,Chiesanuova,117,103,220
1080,Chiomonte,433,448,881
1081,Chiusa di San Michele,806,795,1601
1082,Chivasso,12917,13910,26827
1083,Ciconio,193,192,385
1084,Cintano,120,125,245
1085,Cinzano,159,169,328
1086,Ciri 'e8,8900,9648,18548
1087,Claviere,106,98,204
1088,Coassolo Torinese,754,737,1491
1089,Coazze,1619,1577,3196
1090,Collegno,23778,25837,49615
1091,Colleretto Castelnuovo,149,153,302
1092,Colleretto Giacosa,297,287,584
1093,Condove,2191,2294,4485
1094,Corio,1566,1617,3183
1095,Cossano Canavese,235,228,463
1096,Cuceglio,474,485,959
1097,Cumiana,3928,3948,7876
1098,Cuorgn 'e8,4709,4921,9630
1099,Druento,4364,4550,8914
1100,Exilles,124,114,238
1101,Favria,2567,2615,5182
1102,Feletto,1100,1140,2240
1103,Fenestrelle,256,250,506
1104,Fiano,1303,1336,2639
1105,Fiorano Canavese,377,387,764
1106,Foglizzo,1100,1184,2284
1107,Forno Canavese,1666,1655,3321
1108,Frassinetto,149,114,263
1109,Front,833,829,1662
1110,Frossasco,1402,1474,2876
1111,Garzigliana,278,273,551
1112,Gassino Torinese,4561,4939,9500
1113,Germagnano,569,562,1131
1114,Giaglione,288,314,602
1115,Giaveno,8017,8408,16425
1116,Givoletto,2005,1969,3974
1117,Gravere,343,328,671
1118,Groscavallo,97,95,192
1119,Grosso,481,519,1000
1120,Grugliasco,18060,19567,37627
1121,Ingria,27,20,47
1122,Inverso Pinasca,353,348,701
1123,Isolabella,190,189,379
1124,Issiglio,197,198,395
1125,Ivrea,11069,12269,23338
1126,La Cassa,906,889,1795
1127,La Loggia,4379,4462,8841
1128,Lanzo Torinese,2426,2560,4986
1129,Lauriano,724,770,1494
1130,Leini,8150,8327,16477
1131,Lemie,93,71,164
1132,Lessolo,870,932,1802
1133,Levone,219,226,445
1134,Locana,689,738,1427
1135,Lombardore,872,849,1721
1136,Lombriasco,561,492,1053
1137,Loranz 'e8,568,586,1154
1139,Luserna San Giovanni,3496,3771,7267
1140,Lusernetta,255,253,508
1141,Lusigli 'e8,274,291,565
1142,Macello,579,579,1158
1143,Maglione,202,209,411
1144,Marentino,662,642,1304
1145,Massello,28,25,53
1146,Mathi,1922,1967,3889
1147,Mattie,323,340,663
1148,Mazz 'e8,2053,2141,4194
1149,Meana di Susa,429,398,827
1150,Mercenasco,673,596,1269
1152,Mezzenile,390,371,761
1153,Mombello di Torino,194,185,379
1154,Mompantero,302,341,643
1155,Monastero di Lanzo,179,156,335
1156,Moncalieri,27828,29637,57465
1157,Moncenisio,17,16,33
1158,Montaldo Torinese,352,362,714
1159,Montalenghe,469,520,989
1160,Montalto Dora,1659,1721,3380
1161,Montanaro,2566,2646,5212
1162,Monteu da Po,424,416,840
1163,Moriondo Torinese,430,422,852
1164,Nichelino,22938,24570,47508
1165,Noasca,56,54,110
1166,Nole,3325,3513,6838
1167,Nomaglio,149,146,295
1168,None,3939,4009,7948
1169,Novalesa,265,261,526
1170,Oglianico,719,741,1460
1171,Orbassano,11288,12036,23324
1172,Orio Canavese,383,384,767
1173,Osasco,577,591,1168
1174,Osasio,482,429,911
1175,Oulx,1700,1616,3316
1176,Ozegna,587,605,1192
1177,Palazzo Canavese,406,446,852
1178,Pancalieri,997,1049,2046
1179,Parella,193,224,417
1180,Pavarolo,557,570,1127
1181,Pavone Canavese,1820,1937,3757
1183,Pecetto Torinese,2008,2094,4102
1184,Perosa Argentina,1515,1654,3169
1185,Perosa Canavese,261,266,527
1186,Perrero,335,289,624
1187,Pertusio,368,378,746
1188,Pessinetto,323,294,617
1189,Pianezza,7596,7938,15534
1190,Pinasca,1400,1518,2918
1191,Pinerolo,17211,18967,36178
1192,Pino Torinese,4027,4388,8415
1193,Piobesi Torinese,1873,1983,3856
1194,Piossasco,8996,9409,18405
1195,Piscina,1644,1706,3350
1196,Piverone,664,709,1373
1197,Poirino,5147,5146,10293
1198,Pomaretto,471,515,986
1199,Pont-Canavese,1546,1664,3210
1200,Porte,538,516,1054
1201,Pragelato,413,357,770
1202,Prali,132,116,248
1203,Pralormo,941,967,1908
1204,Pramollo,114,103,217
1205,Prarostino,637,633,1270
1206,Prascorsano,365,366,731
1207,Pratiglione,236,245,481
1208,Quagliuzzo,172,158,330
1209,Quassolo,165,187,352
1210,Quincinetto,503,526,1029
1211,Reano,864,912,1776
1212,Ribordone,26,23,49
1213,Rivalba,589,573,1162
1214,Rivalta di Torino,10011,10256,20267
1215,Riva presso Chieri,2365,2400,4765
1216,Rivara,1262,1275,2537
1217,Rivarolo Canavese,6042,6469,12511
1218,Rivarossa,802,775,1577
1219,Rivoli,23210,25262,48472
1220,Robassomero,1464,1567,3031
1221,Rocca Canavese,862,854,1716
1222,Roletto,1019,1007,2026
1223,Romano Canavese,1294,1371,2665
1224,Ronco Canavese,155,144,299
1225,Rondissone,975,908,1883
1226,Ror 'e0,124,107,231
1227,Roure,382,407,789
1228,Rosta,2446,2597,5043
1229,Rubiana,1186,1199,2385
1230,Rueglio,390,395,785
1231,Salassa,917,925,1842
1232,Salbertrand,321,302,623
1233,Salerano Canavese,230,238,468
1234,Salza di Pinerolo,48,27,75
1235,Samone,761,771,1532
1236,San Benigno Canavese,2945,3079,6024
1237,San Carlo Canavese,1952,2060,4012
1238,San Colombano Belmonte,176,172,348
1239,San Didero,263,261,524
1240,San Francesco al Campo,2396,2486,4882
1241,Sangano,1772,1957,3729
1242,San Germano Chisone,877,870,1747
1243,San Gillio,1527,1621,3148
1244,San Giorgio Canavese,1251,1314,2565
1245,San Giorio di Susa,470,501,971
1246,San Giusto Canavese,1592,1720,3312
1247,San Martino Canavese,399,408,807
1248,San Maurizio Canavese,5084,5251,10335
1249,San Mauro Torinese,9119,9789,18908
1250,San Pietro Val Lemina,701,725,1426
1251,San Ponso,134,129,263
1252,San Raffaele Cimena,1525,1582,3107
1253,San Sebastiano da Po,934,961,1895
1254,San Secondo di Pinerolo,1807,1838,3645
1255,Sant'Ambrogio di Torino,2359,2352,4711
1256,Sant'Antonino di Susa,1996,2201,4197
1257,Santena,5307,5429,10736
1258,Sauze di Cesana,135,110,245
1259,Sauze d'Oulx,568,522,1090
1260,Scalenghe,1647,1620,3267
1261,Scarmagno,395,431,826
1262,Sciolze,739,716,1455
1263,Sestriere,484,438,922
1264,Settimo Rottaro,220,248,468
1265,Settimo Torinese,22771,24154,46925
1266,Settimo Vittone,790,752,1542
1267,Sparone,466,496,962
1268,Strambinello,127,143,270
1269,Strambino,3006,3192,6198
1270,Susa,2935,3238,6173
1271,Tavagnasco,375,399,774
1272,Torino,415613,455339,870952
1273,Torrazza Piemonte,1460,1514,2974
1274,Torre Canavese,288,316,604
1275,Torre Pellice,2184,2359,4543
1276,Trana,1886,1928,3814
1278,Traversella,162,160,322
1279,Traves,268,256,524
1280,Trofarello,5241,5619,10860
1281,Usseaux,92,97,189
1282,Usseglio,105,95,200
1283,Vaie,711,707,1418
1284,Val della Torre,2010,1950,3960
1285,Valgioie,501,427,928
1286,Vallo Torinese,410,382,792
1287,Valperga,1436,1590,3026
1288,Valprato Soana,49,46,95
1289,Varisella,421,430,851
1290,Vauda Canavese,725,727,1452
1291,Venaus,437,443,880
1292,Venaria Reale,16114,17135,33249
1293,Verolengo,2371,2475,4846
1294,Verrua Savoia,697,692,1389
1295,Vestign 'e8,396,406,802
1296,Vialfr 'e8,126,122,248
1298,Vidracco,247,266,513
1299,Vigone,2543,2588,5131
1300,Villafranca Piemonte,2249,2353,4602
1301,Villanova Canavese,586,628,1214
1302,Villarbasse,1688,1794,3482
1303,Villar Dora,1418,1429,2847
1304,Villareggia,503,507,1010
1305,Villar Focchiardo,961,979,1940
1306,Villar Pellice,531,525,1056
1307,Villar Perosa,1939,2051,3990
1308,Villastellone,2266,2358,4624
1309,Vinovo,7450,7795,15245
1310,Virle Piemonte,582,570,1152
1311,Vische,601,625,1226
1312,Vistrorio,252,267,519
1313,Vi 'f9,522,499,1021
1314,Volpiano,7560,7893,15453
1315,Volvera,4210,4310,8520
1316,Mappano,3698,3759,7457
1317,Val di Chy,655,621,1276
1318,Valchiusa,494,532,1026
81001,Alcamo,22371,23035,45406
81002,Buseto Palizzolo,1374,1481,2855
81003,Calatafimi-Segesta,3159,3300,6459
81004,Campobello di Mazara,5716,5891,11607
81005,Castellammare del Golfo,7495,7577,15072
81006,Castelvetrano,15096,15687,30783
81007,Custonaci,2732,2729,5461
81008,Erice,13034,14012,27046
81009,Favignana,2207,2106,4313
81010,Gibellina,1847,2084,3931
81011,Marsala,40658,41798,82456
81012,Mazara del Vallo,25520,26053,51573
81013,Paceco,5400,5748,11148
81014,Pantelleria,3816,3867,7683
81015,Partanna,5051,5273,10324
81016,Poggioreale,728,726,1454
81017,Salaparuta,765,850,1615
81018,Salemi,5143,5235,10378
81019,Santa Ninfa,2385,2570,4955
81020,San Vito Lo Capo,2364,2454,4818
81021,Trapani,32486,34655,67141
81022,Valderice,5886,5966,11852
81023,Vita,919,978,1897
81024,Petrosino,4172,3978,8150
22001,Ala,4416,4392,8808
22002,Albiano,769,716,1485
22003,Aldeno,1538,1610,3148
22005,Andalo,556,568,1124
22006,Arco,8729,9198,17927
22007,Avio,2039,2080,4119
22009,Baselga di Pin 'e8,2541,2546,5087
22011,Bedollo,747,735,1482
22013,Besenello,1366,1343,2709
22015,Bieno,205,226,431
22017,Bleggio Superiore,784,751,1535
22018,Bocenago,194,192,386
22021,Bondone,338,319,657
22022,Borgo Valsugana,3443,3555,6998
22025,Brentonico,2007,2005,4012
22026,Bresimo,127,127,254
22029,Caderzone Terme,343,341,684
22032,Calceranica al Lago,666,686,1352
22033,Caldes,548,550,1098
22034,Caldonazzo,1880,1950,3830
22035,Calliano,990,991,1981
22036,Campitello di Fassa,337,370,707
22037,Campodenno,779,740,1519
22038,Canal San Bovo,716,761,1477
22039,Canazei,894,987,1881
22040,Capriana,299,285,584
22042,Carisolo,471,488,959
22043,Carzano,256,270,526
22045,Castel Condino,108,113,221
22047,Castello-Molina di Fiemme,1161,1158,2319
22048,Castello Tesino,592,590,1182
22049,Castelnuovo,532,525,1057
22050,Cavalese,1989,2123,4112
22051,Cavareno,574,533,1107
22052,Cavedago,284,258,542
22053,Cavedine,1521,1495,3016
22054,Cavizzana,113,121,234
22058,Cimone,361,333,694
22059,Cinte Tesino,172,180,352
22060,Cis,147,158,305
22061,Civezzano,2045,2045,4090
22062,Cles,3380,3651,7031
22064,Commezzadura,488,508,996
22068,Croviana,344,335,679
22071,Dambel,218,207,425
22074,Denno,620,620,1240
22078,Drena,294,291,585
22079,Dro,2530,2587,5117
22081,Fai della Paganella,447,465,912
22083,Fiav 'e8,520,555,1075
22085,Fierozzo,258,229,487
22087,Folgaria,1539,1622,3161
22089,Fornace,680,639,1319
22090,Frassilongo,173,165,338
22091,Garniga Terme,215,185,400
22092,Giovo,1267,1252,2519
22093,Giustino,355,387,742
22095,Grigno,1046,1090,2136
22097,Imer,600,573,1173
22098,Isera,1384,1381,2765
22102,Lavarone,577,599,1176
22103,Lavis,4542,4571,9113
22104,Levico Terme,3992,4141,8133
22106,Livo,408,393,801
22108,Lona-Lases,434,443,877
22109,Luserna,130,130,260
22110,Mal 'e8,1075,1142,2217
22112,Massimeno,78,63,141
22113,Mazzin,292,293,585
22114,Mezzana,445,448,893
22115,Mezzano,802,787,1589
22116,Mezzocorona,2726,2813,5539
22117,Mezzolombardo,3590,3721,7311
22118,Moena,1293,1333,2626
22120,Molveno,537,574,1111
22123,Mori,4928,5065,9993
22124,Nago-Torbole,1403,1449,2852
22127,Nogaredo,1054,1014,2068
22128,Nomi,644,699,1343
22129,Novaledo,528,571,1099
22130,Ospedaletto,416,374,790
22131,Ossana,391,443,834
22133,Pal 'f9 del Fersina,87,77,164
22134,Panchi 'e0,401,426,827
22135,Ronzo-Chienis,530,464,994
22136,Peio,950,886,1836
22137,Pellizzano,389,396,785
22138,Pelugo,191,211,402
22139,Pergine Valsugana,10478,11070,21548
22142,Pieve Tesino,324,313,637
22143,Pinzolo,1523,1518,3041
22144,Pomarolo,1260,1208,2468
22147,Predazzo,2208,2320,4528
22150,Rabbi,692,651,1343
22153,Riva del Garda,8467,9135,17602
22155,Romeno,714,694,1408
22156,Roncegno Terme,1428,1483,2911
22157,Ronchi Valsugana,239,218,457
22159,Ronzone,228,210,438
22160,Rover 'e8 della Luna,828,817,1645
22161,Rovereto,19216,21069,40285
22162,Ruffr 'e8-Mendola,212,195,407
22163,Rumo,411,399,810
22164,Sagron Mis,89,91,180
22165,Samone,291,265,556
22167,San Michele all'Adige,1947,1957,3904
22168,Sant'Orsola Terme,574,542,1116
22169,Sanzeno,449,463,912
22170,Sarnonico,403,393,796
22171,Scurelle,694,706,1400
22172,Segonzano,685,737,1422
22173,Sfruz,189,183,372
22176,Soraga di Fassa,356,327,683
22177,Sover,418,384,802
22179,Spiazzo,612,640,1252
22180,Spormaggiore,673,603,1276
22181,Sporminore,347,353,700
22182,Stenico,633,572,1205
22183,Storo,2243,2336,4579
22184,Strembo,294,298,592
22188,Telve,918,998,1916
22189,Telve di Sopra,307,285,592
22190,Tenna,511,534,1045
22191,Tenno,975,1037,2012
22193,Terragnolo,367,332,699
22195,Terzolas,311,331,642
22196,Tesero,1490,1509,2999
22199,Tione di Trento,1787,1873,3660
22200,Ton,684,626,1310
22202,Torcegno,345,331,676
22203,Trambileno,740,739,1479
22205,Trento,57292,61610,118902
22209,Valfloriana,232,230,462
22210,Vallarsa,708,657,1365
22213,Vermiglio,897,923,1820
22216,Vignola-Falesina,95,77,172
22222,Villa Lagarina,1902,1899,3801
22224,Volano,1533,1490,3023
22226,Ziano di Fiemme,859,911,1770
22228,Comano Terme,1442,1492,2934
22229,Ledro,2572,2702,5274
22230,Predaia,3340,3328,6668
22231,San Lorenzo Dorsino,775,793,1568
22232,Valdaone,598,552,1150
22233,Dimaro Folgarida,1007,1103,2110
22234,Pieve di Bono-Prezzo,720,723,1443
22235,Altavalle,808,802,1610
22236,Altopiano della Vigolana,2533,2544,5077
22237,Amblar-Don,274,267,541
22238,Borgo Chiese,991,1003,1994
22239,Borgo Lares,378,334,712
22240,Castel Ivano,1655,1654,3309
22241,Cembra Lisignago,1191,1147,2338
22242,Cont 'e0,675,713,1388
22243,Madruzzo,1471,1431,2902
22244,Porte di Rendena,901,891,1792
22245,Primiero San Martino di Castrozza,2652,2711,5363
22246,Sella Giudicarie,1456,1456,2912
22247,Tre Ville,683,712,1395
22248,Vallelaghi,2554,2549,5103
22249,Ville d'Anaunia,2382,2419,4801
22250,San Giovanni di Fassa-S 'e8n Jan,1779,1782,3561
22251,Terre D'Adige,1527,1528,3055
22252,Borgo d'Anaunia,1234,1248,2482
22253,Novella,1844,1774,3618
22254,Ville di Fiemme,1278,1291,2569
26001,Altivole,3482,3524,7006
26002,Arcade,2288,2260,4548
26003,Asolo,4562,4539,9101
26004,Borso del Grappa,2959,2983,5942
26005,Breda di Piave,3840,3856,7696
26006,Caerano di San Marco,3896,4026,7922
26007,Cappella Maggiore,2320,2385,4705
26008,Carbonera,5546,5772,11318
26009,Casale sul Sile,6462,6695,13157
26010,Casier,5608,5801,11409
26011,Castelcucco,1162,1136,2298
26012,Castelfranco Veneto,16287,17277,33564
26013,Castello di Godego,3609,3664,7273
26014,Cavaso del Tomba,1425,1483,2908
26015,Cessalto,1910,1974,3884
26016,Chiarano,1874,1797,3671
26017,Cimadolmo,1702,1697,3399
26018,Cison di Valmarino,1298,1338,2636
26019,Codogn 'e8,2695,2604,5299
26020,Colle Umberto,2513,2615,5128
26021,Conegliano,16849,18427,35276
26022,Cordignano,3412,3519,6931
26023,Cornuda,3100,3181,6281
26025,Crocetta del Montello,3020,3087,6107
26026,Farra di Soligo,4227,4395,8622
26027,Follina,1804,1911,3715
26028,Fontanelle,2821,2845,5666
26029,Fonte,3032,2979,6011
26030,Fregona,1416,1438,2854
26031,Gaiarine,2997,3046,6043
26032,Giavera del Montello,2596,2602,5198
26033,Godega di Sant'Urbano,2953,3017,5970
26034,Gorgo al Monticano,2056,2009,4065
26035,Istrana,4697,4444,9141
26036,Loria,4807,4549,9356
26037,Mansu 'e8,2558,2472,5030
26038,Mareno di Piave,4788,4852,9640
26039,Maser,2554,2596,5150
26040,Maserada sul Piave,4650,4713,9363
26041,Meduna di Livenza,1431,1515,2946
26042,Miane,1597,1628,3225
26043,Mogliano Veneto,13613,14211,27824
26044,Monastier di Treviso,2180,2223,4403
26045,Monfumo,660,659,1319
26046,Montebelluna,15326,16133,31459
26047,Morgano,2236,2222,4458
26048,Moriago della Battaglia,1399,1410,2809
26049,Motta di Livenza,5312,5540,10852
26050,Nervesa della Battaglia,3254,3323,6577
26051,Oderzo,10049,10596,20645
26052,Ormelle,2272,2220,4492
26053,Orsago,1890,1977,3867
26055,Paese,10953,11115,22068
26056,Pederobba,3665,3710,7375
26057,Pieve di Soligo,5873,6082,11955
26058,Ponte di Piave,4202,4109,8311
26059,Ponzano Veneto,6381,6653,13034
26060,Portobuffol 'e8,382,368,750
26061,Possagno,1113,1093,2206
26062,Povegliano,2589,2589,5178
26063,Preganziol,8417,8741,17158
26064,Quinto di Treviso,4913,5053,9966
26065,Refrontolo,834,854,1688
26066,Resana,4765,4689,9454
26067,Revine Lago,1059,1062,2121
26068,Riese Pio X,5519,5518,11037
26069,Roncade,7302,7382,14684
26070,Salgareda,3349,3307,6656
26071,San Biagio di Callalta,6517,6495,13012
26072,San Fior,3463,3487,6950
26073,San Pietro di Feletto,2470,2671,5141
26074,San Polo di Piave,2522,2394,4916
26075,Santa Lucia di Piave,4580,4598,9178
26076,San Vendemiano,4942,5000,9942
26077,San Zenone degli Ezzelini,3795,3586,7381
26078,Sarmede,1525,1513,3038
26079,Segusino,929,936,1865
26080,Sernaglia della Battaglia,3073,3096,6169
26081,Silea,4923,5298,10221
26082,Spresiano,6132,6285,12417
26083,Susegana,5909,5923,11832
26084,Tarzo,2079,2191,4270
26085,Trevignano,5358,5394,10752
26086,Treviso,40967,44793,85760
26087,Valdobbiadene,4961,5298,10259
26088,Vazzola,3466,3464,6930
26089,Vedelago,8422,8315,16737
26090,Vidor,1813,1858,3671
26091,Villorba,8692,9254,17946
26092,Vittorio Veneto,13441,14539,27980
26093,Volpago del Montello,5032,5145,10177
26094,Zenson di Piave,878,919,1797
26095,Zero Branco,5734,5803,11537
26096,Pieve del Grappa,3222,3409,6631
32001,Duino Auresina-Devin Nabre '9eina,4061,4365,8426
32002,Monrupino-Repentabor,424,439,863
32003,Muggia,6266,6747,13013
32004,San Dorligo della Valle-Dolina,2807,2903,5710
32005,Sgonico-Zgonik,1007,1023,2030
32006,Trieste,97389,105845,203234
30001,Aiello del Friuli,1077,1134,2211
30002,Amaro,418,431,849
30003,Ampezzo,478,481,959
30004,Aquileia,1559,1666,3225
30005,Arta Terme,1027,1041,2068
30006,Artegna,1402,1483,2885
30007,Attimis,824,886,1710
30008,Bagnaria Arsa,1682,1746,3428
30009,Basiliano,2612,2678,5290
30010,Bertiolo,1191,1227,2418
30011,Bicinicco,892,929,1821
30012,Bordano,348,362,710
30013,Buja,3107,3328,6435
30014,Buttrio,1953,1977,3930
30015,Camino al Tagliamento,779,798,1577
30016,Campoformido,3854,4018,7872
30018,Carlino,1357,1418,2775
30019,Cassacco,1402,1460,2862
30020,Castions di Strada,1831,1915,3746
30021,Cavazzo Carnico,481,506,987
30022,Cercivento,335,332,667
30023,Cervignano del Friuli,6793,6988,13781
30024,Chiopris-Viscone,310,341,651
30025,Chiusaforte,331,290,621
30026,Cividale del Friuli,5281,5814,11095
30027,Codroipo,7978,8120,16098
30028,Colloredo di Monte Albano,1068,1111,2179
30029,Comeglians,231,230,461
30030,Corno di Rosazzo,1546,1571,3117
30031,Coseano,1028,1095,2123
30032,Dignano,1086,1201,2287
30033,Dogna,82,75,157
30034,Drenchia,49,53,102
30035,Enemonzo,648,665,1313
30036,Faedis,1406,1423,2829
30037,Fagagna,2973,3147,6120
30039,Flaibano,545,557,1102
30040,Forni Avoltri,275,276,551
30041,Forni di Sopra,463,447,910
30042,Forni di Sotto,288,284,572
30043,Gemona del Friuli,5201,5577,10778
30044,Gonars,2295,2389,4684
30045,Grimacco,148,165,313
30046,Latisana,6440,6932,13372
30047,Lauco,337,341,678
30048,Lestizza,1847,1862,3709
30049,Lignano Sabbiadoro,3353,3484,6837
30051,Lusevera,292,315,607
30052,Magnano in Riviera,1110,1193,2303
30053,Majano,2862,3049,5911
30054,Malborghetto Valbruna,462,446,908
30055,Manzano,3095,3314,6409
30056,Marano Lagunare,889,893,1782
30057,Martignacco,3305,3570,6875
30058,Mereto di Tomba,1285,1289,2574
30059,Moggio Udinese,825,851,1676
30060,Moimacco,834,819,1653
30061,Montenars,254,242,496
30062,Mortegliano,2331,2578,4909
30063,Moruzzo,1223,1247,2470
30064,Muzzana del Turgnano,1217,1237,2454
30065,Nimis,1312,1331,2643
30066,Osoppo,1410,1448,2858
30067,Ovaro,905,930,1835
30068,Pagnacco,2496,2624,5120
30069,Palazzolo dello Stella,1440,1494,2934
30070,Palmanova,2658,2789,5447
30071,Paluzza,1015,1041,2056
30072,Pasian di Prato,4525,4893,9418
30073,Paularo,1221,1236,2457
30074,Pavia di Udine,2715,2795,5510
30075,Pocenia,1226,1214,2440
30076,Pontebba,668,680,1348
30077,Porpetto,1258,1268,2526
30078,Povoletto,2691,2783,5474
30079,Pozzuolo del Friuli,3391,3562,6953
30080,Pradamano,1736,1853,3589
30081,Prato Carnico,441,439,880
30082,Precenicco,728,729,1457
30083,Premariacco,1965,2054,4019
30084,Preone,130,120,250
30085,Prepotto,375,365,740
30086,Pulfero,447,429,876
30087,Ragogna,1398,1436,2834
30088,Ravascletto,249,252,501
30089,Raveo,216,234,450
30090,Reana del Rojale,2376,2461,4837
30091,Remanzacco,2997,3176,6173
30092,Resia,486,458,944
30093,Resiutta,143,141,284
30094,Rigolato,205,190,395
30095,Rive d'Arcano,1156,1236,2392
30097,Ronchis,994,1001,1995
30098,Ruda,1370,1489,2859
30099,San Daniele del Friuli,3846,4164,8010
30100,San Giorgio di Nogaro,3689,3743,7432
30101,San Giovanni al Natisone,3078,3018,6096
30102,San Leonardo,553,516,1069
30103,San Pietro al Natisone,1037,1076,2113
30104,Santa Maria la Longa,1125,1189,2314
30105,San Vito al Torre,596,652,1248
30106,San Vito di Fagagna,841,862,1703
30107,Sauris,187,207,394
30108,Savogna,188,173,361
30109,Sedegliano,1876,1869,3745
30110,Socchieve,434,449,883
30111,Stregna,178,149,327
30112,Sutrio,617,650,1267
30113,Taipana,309,256,565
30114,Talmassons,1962,2004,3966
30116,Tarcento,4268,4651,8919
30117,Tarvisio,2136,2004,4140
30118,Tavagnacco,7072,7793,14865
30120,Terzo d'Aquileia,1360,1431,2791
30121,Tolmezzo,4849,5241,10090
30122,Torreano,1012,1073,2085
30123,Torviscosa,1323,1391,2714
30124,Trasaghis,1079,1092,2171
30126,Treppo Grande,824,879,1703
30127,Tricesimo,3676,4017,7693
30128,Trivignano Udinese,782,813,1595
30129,Udine,46234,52817,99051
30130,Varmo,1362,1348,2710
30131,Venzone,1010,988,1998
30132,Verzegnis,447,428,875
30133,Villa Santina,1038,1162,2200
30135,Visco,387,407,794
30136,Zuglio,278,292,570
30137,Forgaria nel Friuli,869,871,1740
30138,Campolongo Tapogliano,563,573,1136
30188,Rivignano Teor,3108,3121,6229
30189,Sappada,651,664,1315
30190,Fiumicello Villa Vicentina,3098,3185,6283
30191,Treppo Ligosullo,357,353,710
7001,Allein,105,104,209
7002,Antey-Saint-Andr 'e9,272,281,553
7003,Aosta,15911,18141,34052
7004,Arnad,593,650,1243
7005,Arvier,426,435,861
7006,Avise,146,156,302
7007,Ayas,694,686,1380
7008,Aymavilles,1028,1087,2115
7009,Bard,54,66,120
7010,Bionaz,115,108,223
7011,Brissogne,487,459,946
7012,Brusson,423,439,862
7013,Challand-Saint-Anselme,375,376,751
7014,Challand-Saint-Victor,261,274,535
7015,Chambave,457,451,908
7016,Chamois,56,40,96
7017,Champdepraz,340,366,706
7018,Champorcher,199,185,384
7019,Charvensod,1175,1226,2401
7020,Ch 'e2tillon,2209,2373,4582
7021,Cogne,678,672,1350
7022,Courmayeur,1365,1365,2730
7023,Donnas,1182,1278,2460
7024,Doues,244,261,505
7025,Emar 'e8se,117,109,226
7026,Etroubles,249,227,476
7027,F 'e9nis,874,916,1790
7028,Fontainemore,227,203,430
7029,Gaby,220,228,448
7030,Gignod,872,869,1741
7031,Gressan,1654,1721,3375
7032,Gressoney-La-Trinit 'e9,149,165,314
7033,Gressoney-Saint-Jean,402,393,795
7034,H 'f4ne,565,607,1172
7035,Introd,327,325,652
7036,Issime,198,207,405
7037,Issogne,679,689,1368
7038,Joven 'e7an,355,353,708
7039,La Magdeleine,63,44,107
7040,La Salle,1032,1008,2040
7041,La Thuile,397,400,797
7042,Lillianes,211,233,444
7043,Montjovet,900,871,1771
7044,Morgex,1026,1097,2123
7045,Nus,1464,1507,2971
7046,Ollomont,87,77,164
7047,Oyace,117,95,212
7048,Perloz,227,233,460
7049,Pollein,759,778,1537
7050,Pontboset,93,77,170
7051,Pontey,400,394,794
7052,Pont-Saint-Martin,1736,1902,3638
7053,Pr 'e9-Saint-Didier,546,474,1020
7054,Quart,2074,2032,4106
7055,Rh 'eames-Notre-Dame,49,35,84
7056,Rh 'eames-Saint-Georges,89,80,169
7057,Roisan,515,509,1024
7058,Saint-Christophe,1752,1765,3517
7059,Saint-Denis,195,179,374
7060,Saint-Marcel,675,685,1360
7061,Saint-Nicolas,163,151,314
7062,Saint-Oyen,90,110,200
7063,Saint-Pierre,1626,1602,3228
7064,Saint-Rh 'e9my-en-Bosses,175,154,329
7065,Saint-Vincent,2212,2352,4564
7066,Sarre,2353,2503,4856
7067,Torgnon,303,256,559
7068,Valgrisenche,110,83,193
7069,Valpelline,325,283,608
7070,Valsavarenche,87,86,173
7071,Valtournenche,1182,1081,2263
7072,Verrayes,650,626,1276
7073,Verr 'e8s,1295,1337,2632
7074,Villeneuve,664,586,1250
12001,Agra,211,197,408
12002,Albizzate,2549,2688,5237
12003,Angera,2619,2878,5497
12004,Arcisate,4912,5177,10089
12005,Arsago Seprio,2419,2416,4835
12006,Azzate,2259,2432,4691
12007,Azzio,387,376,763
12008,Barasso,794,889,1683
12009,Bardello,783,833,1616
12010,Bedero Valcuvia,325,334,659
12011,Besano,1273,1276,2549
12012,Besnate,2714,2843,5557
12013,Besozzo,4337,4630,8967
12014,Biandronno,1611,1676,3287
12015,Bisuschio,2138,2251,4389
12016,Bodio Lomnago,1094,1121,2215
12017,Brebbia,1567,1641,3208
12018,Bregano,436,426,862
12019,Brenta,865,858,1723
12020,Brezzo di Bedero,649,587,1236
12021,Brinzio,416,383,799
12022,Brissago-Valtravaglia,604,636,1240
12023,Brunello,460,477,937
12024,Brusimpiano,581,598,1179
12025,Buguggiate,1507,1620,3127
12026,Busto Arsizio,40319,43590,83909
12027,Cadegliano-Viconago,1075,1137,2212
12029,Cairate,3819,3885,7704
12030,Cantello,2317,2447,4764
12031,Caravate,1328,1267,2595
12032,Cardano al Campo,7285,7569,14854
12033,Carnago,3293,3389,6682
12034,Caronno Pertusella,9008,9170,18178
12035,Caronno Varesino,2422,2460,4882
12036,Casale Litta,1348,1371,2719
12037,Casalzuigno,677,707,1384
12038,Casciago,1798,1907,3705
12039,Casorate Sempione,2783,2931,5714
12040,Cassano Magnago,10652,11149,21801
12041,Cassano Valcuvia,320,342,662
12042,Castellanza,6938,7500,14438
12043,Castello Cabiaglio,280,279,559
12044,Castelseprio,638,667,1305
12045,Castelveccana,964,997,1961
12046,Castiglione Olona,3829,3868,7697
12047,Castronno,2547,2559,5106
12048,Cavaria con Premezzo,2910,2858,5768
12049,Cazzago Brabbia,404,413,817
12050,Cislago,5161,5268,10429
12051,Cittiglio,1885,1947,3832
12052,Clivio,932,1011,1943
12053,Cocquio-Trevisago,2274,2425,4699
12054,Comabbio,615,594,1209
12055,Comerio,1407,1524,2931
12056,Cremenaga,379,406,785
12057,Crosio della Valle,315,294,609
12058,Cuasso al Monte,1805,1806,3611
12059,Cugliate-Fabiasco,1564,1535,3099
12060,Cunardo,1486,1505,2991
12061,Curiglia con Monteviasco,88,77,165
12062,Cuveglio,1613,1728,3341
12063,Cuvio,810,863,1673
12064,Daverio,1488,1547,3035
12065,Dumenza,762,728,1490
12066,Duno,73,51,124
12067,Fagnano Olona,6181,6298,12479
12068,Ferno,3356,3433,6789
12069,Ferrera di Varese,358,341,699
12070,Gallarate,26264,27670,53934
12071,Galliate Lombardo,483,513,996
12072,Gavirate,4419,4872,9291
12073,Gazzada Schianno,2252,2374,4626
12074,Gemonio,1430,1452,2882
12075,Gerenzano,5324,5567,10891
12076,Germignaga,1897,2000,3897
12077,Golasecca,1305,1330,2635
12078,Gorla Maggiore,2460,2487,4947
12079,Gorla Minore,4154,4157,8311
12080,Gornate Olona,1101,1070,2171
12081,Grantola,605,650,1255
12082,Inarzo,527,539,1066
12083,Induno Olona,5096,5354,10450
12084,Ispra,2540,2758,5298
12085,Jerago con Orago,2593,2665,5258
12086,Lavena Ponte Tresa,2890,3145,6035
12087,Laveno-Mombello,4053,4592,8645
12088,Leggiuno,1799,1939,3738
12089,Lonate Ceppino,2470,2584,5054
12090,Lonate Pozzolo,5771,5900,11671
12091,Lozza,627,631,1258
12092,Luino,6975,7600,14575
12093,Luvinate,659,681,1340
12095,Malgesso,633,637,1270
12096,Malnate,8075,8648,16723
12097,Marchirolo,1756,1841,3597
12098,Marnate,3953,4071,8024
12099,Marzio,157,159,316
12100,Masciago Primo,155,148,303
12101,Mercallo,911,925,1836
12102,Mesenzana,792,821,1613
12103,Montegrino Valtravaglia,736,763,1499
12104,Monvalle,959,974,1933
12105,Morazzone,2099,2176,4275
12106,Mornago,2473,2495,4968
12107,Oggiona con Santo Stefano,2146,2173,4319
12108,Olgiate Olona,6169,6443,12612
12109,Origgio,3932,4006,7938
12110,Orino,410,411,821
12113,Porto Ceresio,1426,1515,2941
12114,Porto Valtravaglia,1112,1218,2330
12115,Rancio Valcuvia,465,465,930
12116,Ranco,647,663,1310
12117,Saltrio,1489,1594,3083
12118,Samarate,7962,8212,16174
12119,Saronno,18735,20597,39332
12120,Sesto Calende,5373,5777,11150
12121,Solbiate Arno,1963,2118,4081
12122,Solbiate Olona,2695,2738,5433
12123,Somma Lombardo,8812,9214,18026
12124,Sumirago,3002,3093,6095
12125,Taino,1818,1858,3676
12126,Ternate,1262,1330,2592
12127,Tradate,9375,9712,19087
12128,Travedona-Monate,1973,2106,4079
12129,Tronzano Lago Maggiore,116,111,227
12130,Uboldo,5375,5334,10709
12131,Valganna,803,788,1591
12132,Varano Borghi,1173,1280,2453
12133,Varese,38335,42310,80645
12134,Vedano Olona,3586,3840,7426
12136,Venegono Inferiore,2966,3127,6093
12137,Venegono Superiore,3677,3757,7434
12138,Vergiate,4295,4423,8718
12139,Viggi 'f9,2486,2744,5230
12140,Vizzola Ticino,294,278,572
12141,Sangiano,762,728,1490
12142,Maccagno con Pino e Veddasca,1268,1312,2580
12143,Cadrezzate con Osmate,1290,1382,2672
27001,Annone Veneto,1917,1908,3825
27002,Campagna Lupia,3548,3686,7234
27003,Campolongo Maggiore,5340,5404,10744
27004,Camponogara,6462,6706,13168
27005,Caorle,5556,5920,11476
27006,Cavarzere,6506,6842,13348
27007,Ceggia,3012,3119,6131
27008,Chioggia,24320,24651,48971
27009,Cinto Caomaggiore,1573,1625,3198
27010,Cona,1463,1458,2921
27011,Concordia Sagittaria,5026,5344,10370
27012,Dolo,7309,7770,15079
27013,Eraclea,6069,6155,12224
27014,Fiesso d'Artico,4216,4269,8485
27015,Fossalta di Piave,2031,2118,4149
27016,Fossalta di Portogruaro,2891,3042,5933
27017,Foss 'f2,3451,3569,7020
27018,Gruaro,1336,1435,2771
27019,Jesolo,12890,13639,26529
27020,Marcon,8810,8871,17681
27021,Martellago,10496,11048,21544
27022,Meolo,3163,3166,6329
27023,Mira,18881,19672,38553
27024,Mirano,13265,14106,27371
27025,Musile di Piave,5642,5793,11435
27026,Noale,7842,8357,16199
27027,Noventa di Piave,3429,3588,7017
27028,Pianiga,6117,6235,12352
27029,Portogruaro,12014,12898,24912
27030,Pramaggiore,2331,2349,4680
27031,Quarto d'Altino,3943,4138,8081
27032,Salzano,6461,6521,12982
27033,San Don 'e0 di Piave,20158,21834,41992
27034,San Michele al Tagliamento,5774,6091,11865
27035,Santa Maria di Sala,8829,8815,17644
27036,San Stino di Livenza,6391,6505,12896
27037,Scorz 'e8,9495,9575,19070
27038,Spinea,13444,14659,28103
27039,Stra,3710,3956,7666
27040,Teglio Veneto,1144,1129,2273
27041,Torre di Mosto,2363,2423,4786
27042,Venezia,123541,135609,259150
27043,Vigonovo,4939,5029,9968
27044,Cavallino-Treporti,6611,6927,13538
103001,Antrona Schieranco,197,207,404
103002,Anzola d'Ossola,208,198,406
103003,Arizzano,963,1018,1981
103004,Arola,119,117,236
103005,Aurano,55,45,100
103006,Baceno,424,462,886
103007,Bannio Anzino,241,231,472
103008,Baveno,2425,2536,4961
103009,Bee,363,411,774
103010,Belgirate,240,267,507
103011,Beura-Cardezza,736,714,1450
103012,Bognanco,103,82,185
103013,Brovello-Carpugnino,374,366,740
103014,Calasca-Castiglione,309,284,593
103015,Cambiasca,771,823,1594
103016,Cannero Riviera,434,460,894
103017,Cannobio,2466,2701,5167
103018,Caprezzo,91,81,172
103019,Casale Corte Cerro,1690,1754,3444
103021,Ceppo Morelli,154,142,296
103022,Cesara,291,292,583
103023,Cossogno,344,328,672
103024,Craveggia,405,359,764
103025,Crevoladossola,2206,2319,4525
103026,Crodo,704,696,1400
103028,Domodossola,8567,9478,18045
103029,Druogno,523,533,1056
103031,Formazza,226,220,446
103032,Germagno,106,82,188
103033,Ghiffa,1166,1196,2362
103034,Gignese,537,507,1044
103035,Gravellona Toce,3764,4052,7816
103036,Gurro,94,99,193
103037,Intragna,58,53,111
103038,Loreglia,113,116,229
103039,Macugnaga,277,260,537
103040,Madonna del Sasso,217,185,402
103041,Malesco,678,706,1384
103042,Masera,715,742,1457
103043,Massiola,63,58,121
103044,Mergozzo,1063,1089,2152
103045,Miazzina,194,171,365
103046,Montecrestese,620,639,1259
103047,Montescheno,191,193,384
103048,Nonio,410,447,857
103049,Oggebbio,425,456,881
103050,Omegna,7311,7751,15062
103051,Ornavasso,1696,1722,3418
103052,Pallanzeno,574,564,1138
103053,Piedimulera,752,742,1494
103054,Pieve Vergonte,1212,1301,2513
103055,Premeno,373,389,762
103056,Premia,271,268,539
103057,Premosello-Chiovenda,910,997,1907
103058,Quarna Sopra,115,133,248
103059,Quarna Sotto,194,192,386
103060,Re,342,363,705
103061,San Bernardino Verbano,652,650,1302
103062,Santa Maria Maggiore,626,664,1290
103064,Stresa,2311,2505,4816
103065,Toceno,370,354,724
103066,Trarego Viggiona,205,208,413
103067,Trasquera,82,90,172
103068,Trontano,821,842,1663
103069,Valstrona,611,598,1209
103070,Vanzone con San Carlo,193,192,385
103071,Varzo,967,1041,2008
103072,Verbania,14351,16040,30391
103074,Vignone,591,607,1198
103075,Villadossola,3078,3330,6408
103076,Villette,134,134,268
103077,Vogogna,885,865,1750
103078,Borgomezzavalle,151,162,313
103079,Valle Cannobina,248,230,478
2002,Alagna Valsesia,380,347,727
2003,Albano Vercellese,154,155,309
2004,Alice Castello,1286,1258,2544
2006,Arborio,453,410,863
2007,Asigliano Vercellese,691,729,1420
2008,Balmuccia,51,64,115
2009,Balocco,123,94,217
2011,Bianz 'e8,905,971,1876
2014,Boccioleto,80,90,170
2015,Borgo d'Ale,1165,1155,2320
2016,Borgosesia,5951,6551,12502
2017,Borgo Vercelli,1081,1130,2211
2021,Buronzo,415,434,849
2025,Campertogno,115,115,230
2029,Carcoforo,39,35,74
2030,Caresana,544,494,1038
2031,Caresanablot,538,571,1109
2032,Carisio,404,371,775
2033,Casanova Elvo,117,93,210
2035,San Giacomo Vercellese,142,148,290
2041,Cervatto,37,21,58
2042,Cigliano,2103,2268,4371
2043,Civiasco,133,120,253
2045,Collobiano,42,46,88
2047,Costanzana,366,378,744
2048,Cravagliana,136,118,254
2049,Crescentino,3860,3917,7777
2052,Crova,198,210,408
2054,Desana,500,566,1066
2057,Fobello,108,78,186
2058,Fontanetto Po,551,540,1091
2059,Formigliana,244,243,487
2061,Gattinara,3764,4007,7771
2062,Ghislarengo,408,418,826
2065,Greggio,175,171,346
2066,Guardabosone,171,169,340
2067,Lamporo,263,258,521
2068,Lenta,402,411,813
2070,Lignana,255,290,545
2071,Livorno Ferraris,2089,2217,4306
2072,Lozzolo,395,425,820
2078,Mollia,55,41,96
2079,Moncrivello,697,688,1385
2082,Motta de' Conti,377,369,746
2088,Olcenengo,389,408,797
2089,Oldenico,106,105,211
2090,Palazzolo Vercellese,572,575,1147
2091,Pertengo,142,147,289
2093,Pezzana,632,659,1291
2096,Pila,80,59,139
2097,Piode,87,96,183
2102,Postua,292,269,561
2104,Prarolo,348,364,712
2107,Quarona,1860,2091,3951
2108,Quinto Vercellese,191,191,382
2110,Rassa,34,28,62
2113,Rimella,80,52,132
2115,Rive,223,228,451
2116,Roasio,1148,1199,2347
2118,Ronsecco,258,293,551
2121,Rossa,99,76,175
2122,Rovasenda,445,483,928
2126,Salasco,117,103,220
2127,Sali Vercellese,50,52,102
2128,Saluggia,1892,1991,3883
2131,San Germano Vercellese,741,781,1522
2133,Santhi 'e0,4039,4340,8379
2134,Scopa,179,193,372
2135,Scopello,191,174,365
2137,Serravalle Sesia,2370,2500,4870
2142,Stroppiana,573,607,1180
2147,Tricerro,352,345,697
2148,Trino,3407,3577,6984
2150,Tronzano Vercellese,1681,1749,3430
2152,Valduggia,974,959,1933
2156,Varallo,3388,3713,7101
2158,Vercelli,22247,24311,46558
2163,Villarboit,203,207,410
2164,Villata,784,770,1554
2166,Vocca,81,79,160
2170,Alto Sermenza,86,65,151
2171,Cellio con Breia,486,483,969
23001,Affi,1155,1211,2366
23002,Albaredo d'Adige,2631,2615,5246
23003,Angiari,1129,1186,2315
23004,Arcole,3147,3207,6354
23005,Badia Calavena,1340,1266,2606
23006,Bardolino,3478,3729,7207
23007,Belfiore,1658,1603,3261
23008,Bevilacqua,866,848,1714
23009,Bonavigo,1013,977,1990
23010,Boschi Sant'Anna,672,703,1375
23011,Bosco Chiesanuova,1875,1686,3561
23012,Bovolone,8034,8108,16142
23013,Brentino Belluno,698,645,1343
23014,Brenzone sul Garda,1155,1329,2484
23015,Bussolengo,9993,10368,20361
23016,Buttapietra,3537,3498,7035
23017,Caldiero,3976,3946,7922
23018,Caprino Veronese,4219,4396,8615
23019,Casaleone,2777,2795,5572
23020,Castagnaro,1814,1849,3663
23021,Castel d'Azzano,5907,6051,11958
23022,Castelnuovo del Garda,6589,6799,13388
23023,Cavaion Veronese,2955,3071,6026
23024,Cazzano di Tramigna,729,763,1492
23025,Cerea,8247,8446,16693
23026,Cerro Veronese,1270,1238,2508
23027,Cologna Veneta,4233,4281,8514
23028,Colognola ai Colli,4364,4372,8736
23029,Concamarise,560,529,1089
23030,Costermano sul Garda,1949,1953,3902
23031,Dolc 'e8,1304,1299,2603
23032,Erb 'e8,939,957,1896
23033,Erbezzo,411,359,770
23034,Ferrara di Monte Baldo,137,113,250
23035,Fumane,2098,2017,4115
23036,Garda,1998,2113,4111
23037,Gazzo Veronese,2591,2666,5257
23038,Grezzana,5498,5340,10838
23039,Illasi,2628,2605,5233
23040,Isola della Scala,5816,5722,11538
23041,Isola Rizza,1626,1622,3248
23042,Lavagno,4279,4282,8561
23043,Lazise,3483,3545,7028
23044,Legnago,12325,13245,25570
23045,Malcesine,1760,1929,3689
23046,Marano di Valpolicella,1580,1573,3153
23047,Mezzane di Sotto,1227,1303,2530
23048,Minerbe,2271,2291,4562
23049,Montecchia di Crosara,2241,2081,4322
23050,Monteforte d'Alpone,4592,4424,9016
23051,Mozzecane,4105,3873,7978
23052,Negrar,8462,8584,17046
23053,Nogara,4187,4250,8437
23054,Nogarole Rocca,1954,1781,3735
23055,Oppeano,5228,5063,10291
23056,Pal 'f9,626,626,1252
23057,Pastrengo,1565,1578,3143
23058,Pescantina,8683,8793,17476
23059,Peschiera del Garda,5279,5651,10930
23060,Povegliano Veronese,3580,3685,7265
23061,Pressana,1286,1230,2516
23062,Rivoli Veronese,1100,1102,2202
23063,Ronc 'e0,1886,1886,3772
23064,Ronco all'Adige,3016,2940,5956
23065,Roverchiara,1350,1284,2634
23066,Roveredo di Gu 'e0,784,813,1597
23067,Rover 'e8 Veronese,1061,1035,2096
23068,Salizzole,1952,1870,3822
23069,San Bonifacio,10708,10828,21536
23070,San Giovanni Ilarione,2555,2453,5008
23071,San Giovanni Lupatoto,12358,12993,25351
23072,Sanguinetto,2073,2046,4119
23073,San Martino Buon Albergo,7825,7993,15818
23074,San Mauro di Saline,299,273,572
23075,San Pietro di Morubio,1573,1457,3030
23076,San Pietro in Cariano,6217,6715,12932
23077,Sant'Ambrogio di Valpolicella,5869,6118,11987
23078,Sant'Anna d'Alfaedo,1324,1216,2540
23079,San Zeno di Montagna,723,691,1414
23080,Selva di Progno,468,426,894
23081,Soave,3490,3659,7149
23082,Sommacampagna,7394,7441,14835
23083,Sona,8803,8908,17711
23084,Sorg 'e0,1519,1486,3005
23085,Terrazzo,1053,1097,2150
23086,Torri del Benaco,1488,1583,3071
23087,Tregnago,2432,2477,4909
23088,Trevenzuolo,1431,1332,2763
23089,Valeggio sul Mincio,7819,7939,15758
23090,Velo Veronese,406,351,757
23091,Verona,123232,136376,259608
23092,Veronella,2587,2540,5127
23093,Vestenanova,1312,1247,2559
23094,Vigasio,5192,5134,10326
23095,Villa Bartolomea,2857,2958,5815
23096,Villafranca di Verona,16438,17063,33501
23097,Zevio,7664,7689,15353
23098,Zimella,2458,2407,4865
102001,Acquaro,984,1064,2048
102002,Arena,644,684,1328
102003,Briatico,2347,1920,4267
102004,Brognaturo,266,326,592
102005,Capistrano,483,501,984
102006,Cessaniti,1597,1548,3145
102007,Das 'e0,549,577,1126
102008,Dinami,989,1006,1995
102009,Drapia,1004,1059,2063
102010,Fabrizia,1004,1074,2078
102011,Filadelfia,2494,2600,5094
102012,Filandari,879,920,1799
102013,Filogaso,697,665,1362
102014,Francavilla Angitola,930,947,1877
102015,Francica,833,810,1643
102016,Gerocarne,1031,1003,2034
102017,Ionadi,2202,2274,4476
102018,Joppolo,926,926,1852
102019,Limbadi,1717,1761,3478
102020,Maierato,1027,1093,2120
102021,Mileto,3271,3301,6572
102022,Mongiana,349,341,690
102023,Monterosso Calabro,803,819,1622
102024,Nardodipace,617,599,1216
102025,Nicotera,3139,3019,6158
102026,Parghelia,610,667,1277
102027,Pizzo,4540,4728,9268
102028,Pizzoni,500,540,1040
102029,Polia,469,468,937
102030,Ricadi,2481,2495,4976
102031,Rombiolo,2228,2235,4463
102032,San Calogero,2043,2051,4094
102033,San Costantino Calabro,1037,1100,2137
102034,San Gregorio d'Ippona,1345,1286,2631
102035,San Nicola da Crissa,632,635,1267
102036,Sant'Onofrio,1489,1484,2973
102037,Serra San Bruno,3307,3242,6549
102038,Simbario,455,475,930
102039,Sorianello,584,555,1139
102040,Soriano Calabro,1168,1178,2346
102041,Spadola,413,406,819
102042,Spilinga,720,736,1456
102043,Stefanaconi,1187,1212,2399
102044,Tropea,2977,3244,6221
102045,Vallelonga,374,366,740
102046,Vazzano,480,520,1000
102047,Vibo Valentia,15853,16916,32769
102048,Zaccanopoli,342,357,699
102049,Zambrone,879,895,1774
102050,Zungri,986,960,1946
24001,Agugliaro,709,683,1392
24002,Albettone,1000,1013,2013
24003,Alonte,815,784,1599
24004,Altavilla Vicentina,5953,5982,11935
24005,Altissimo,1127,1045,2172
24006,Arcugnano,3912,3911,7823
24007,Arsiero,1569,1522,3091
24008,Arzignano,12946,12631,25577
24009,Asiago,3113,3357,6470
24010,Asigliano Veneto,445,438,883
24012,Bassano del Grappa,20752,22725,43477
24013,Bolzano Vicentino,3213,3224,6437
24014,Breganze,4166,4396,8562
24015,Brendola,3302,3346,6648
24016,Bressanvido,1591,1598,3189
24017,Brogliano,2031,1978,4009
24018,Caldogno,5488,5849,11337
24019,Caltrano,1231,1261,2492
24020,Calvene,659,665,1324
24021,Camisano Vicentino,5557,5678,11235
24022,Campiglia dei Berici,830,852,1682
24024,Carr 'e8,1792,1787,3579
24025,Cartigliano,1868,1933,3801
24026,Cassola,7400,7640,15040
24027,Castegnero,1448,1445,2893
24028,Castelgomberto,3152,3064,6216
24029,Chiampo,6496,6196,12692
24030,Chiuppano,1248,1241,2489
24032,Cogollo del Cengio,1559,1577,3136
24034,Cornedo Vicentino,6012,5891,11903
24035,Costabissara,3817,3886,7703
24036,Creazzo,5523,5824,11347
24037,Crespadoro,704,604,1308
24038,Dueville,6802,7104,13906
24039,Enego,807,776,1583
24040,Fara Vicentino,1886,1901,3787
24041,Foza,362,318,680
24042,Gallio,1179,1201,2380
24043,Gambellara,1702,1730,3432
24044,Gambugliano,445,387,832
24046,Grisignano di Zocco,2146,2139,4285
24047,Grumolo delle Abbadesse,1897,1870,3767
24048,Isola Vicentina,5100,5231,10331
24049,Laghi,60,64,124
24050,Lastebasse,94,97,191
24051,Longare,2808,2801,5609
24052,Lonigo,8261,8170,16431
24053,Lugo di Vicenza,1803,1820,3623
24055,Malo,7384,7416,14800
24056,Marano Vicentino,4787,4745,9532
24057,Marostica,6978,7127,14105
24060,Montebello Vicentino,3292,3204,6496
24061,Montecchio Maggiore,11877,11517,23394
24062,Montecchio Precalcino,2499,2521,5020
24063,Monte di Malo,1396,1408,2804
24064,Montegalda,1683,1721,3404
24065,Montegaldella,923,888,1811
24066,Monteviale,1429,1419,2848
24067,Monticello Conte Otto,4455,4600,9055
24068,Montorso Vicentino,1581,1488,3069
24070,Mussolente,3837,3778,7615
24071,Nanto,1592,1518,3110
24072,Nogarole Vicentino,619,588,1207
24073,Nove,2431,2512,4943
24074,Noventa Vicentina,4495,4520,9015
24075,Orgiano,1510,1541,3051
24076,Pedemonte,342,386,728
24077,Pianezze,1065,1108,2173
24078,Piovene Rocchette,4032,4205,8237
24079,Pojana Maggiore,2127,2133,4260
24080,Posina,289,269,558
24081,Pove del Grappa,1512,1601,3113
24082,Pozzoleone,1452,1337,2789
24083,Quinto Vicentino,2871,2954,5825
24084,Recoaro Terme,3061,3143,6204
24085,Roana,2142,2086,4228
24086,Romano d'Ezzelino,7115,7191,14306
24087,Ros 'e0,7210,7432,14642
24088,Rossano Veneto,4036,4094,8130
24089,Rotzo,318,333,651
24090,Salcedo,517,509,1026
24091,Sandrigo,4100,4222,8322
24094,San Pietro Mussolino,814,790,1604
24095,Santorso,2806,2854,5660
24096,San Vito di Leguzzano,1762,1856,3618
24097,Sarcedo,2627,2674,5301
24098,Sarego,3427,3299,6726
24099,Schiavon,1351,1297,2648
24100,Schio,19044,19937,38981
24101,Solagna,920,944,1864
24102,Sossano,2167,2093,4260
24103,Sovizzo,3725,3834,7559
24104,Tezze sul Brenta,6409,6431,12840
24105,Thiene,11765,12503,24268
24106,Tonezza del Cimone,266,253,519
24107,Torrebelvicino,2973,2899,5872
24108,Torri di Quartesolo,5797,5935,11732
24110,Trissino,4365,4372,8737
24111,Valdagno,12613,13462,26075
24112,Valdastico,600,645,1245
24113,Valli del Pasubio,1568,1523,3091
24115,Velo d'Astico,1128,1166,2294
24116,Vicenza,53222,58542,111764
24117,Villaga,947,948,1895
24118,Villaverla,3078,3061,6139
24119,Zan 'e8,3240,3384,6624
24120,Zermeghedo,710,677,1387
24121,Zovencedo,415,371,786
24122,Zugliano,3324,3505,6829
24123,Val Liona,1590,1491,3081
24124,Barbarano Mossano,3156,3232,6388
24125,Valbrenta,2598,2460,5058
24126,Colceresa,2925,3052,5977
24127,Lusiana Conco,2344,2311,4655
56001,Acquapendente,2625,2772,5397
56002,Arlena di Castro,431,406,837
56003,Bagnoregio,1700,1856,3556
56004,Barbarano Romano,523,507,1030
56005,Bassano Romano,2353,2376,4729
56006,Bassano in Teverina,639,644,1283
56007,Blera,1544,1583,3127
56008,Bolsena,1851,2014,3865
56009,Bomarzo,882,861,1743
56010,Calcata,446,461,907
56011,Canepina,1504,1528,3032
56012,Canino,2638,2598,5236
56013,Capodimonte,827,863,1690
56014,Capranica,3243,3361,6604
56015,Caprarola,2611,2708,5319
56016,Carbognano,927,1010,1937
56017,Castel Sant'Elia,1267,1290,2557
56018,Castiglione in Teverina,1125,1180,2305
56019,Celleno,640,668,1308
56020,Cellere,562,548,1110
56021,Civita Castellana,7720,8271,15991
56022,Civitella d'Agliano,763,788,1551
56023,Corchiano,1844,1828,3672
56024,Fabrica di Roma,4119,4139,8258
56025,Faleria,1037,1052,2089
56026,Farnese,694,742,1436
56027,Gallese,1322,1406,2728
56028,Gradoli,635,659,1294
56029,Graffignano,1096,1122,2218
56030,Grotte di Castro,1260,1271,2531
56031,Ischia di Castro,1079,1156,2235
56032,Latera,418,380,798
56033,Lubriano,428,468,896
56034,Marta,1603,1759,3362
56035,Montalto di Castro,4483,4474,8957
56036,Montefiascone,6406,6781,13187
56037,Monte Romano,980,960,1940
56038,Monterosi,2370,2412,4782
56039,Nepi,4677,4830,9507
56040,Onano,490,487,977
56041,Oriolo Romano,1909,1925,3834
56042,Orte,4686,4763,9449
56043,Piansano,1020,952,1972
56044,Proceno,282,257,539
56045,Ronciglione,4256,4347,8603
56046,Villa San Giovanni in Tuscia,638,626,1264
56047,San Lorenzo Nuovo,1026,1046,2072
56048,Soriano nel Cimino,3953,4153,8106
56049,Sutri,3265,3326,6591
56050,Tarquinia,7971,8439,16410
56051,Tessennano,158,148,306
56052,Tuscania,4087,4370,8457
56053,Valentano,1397,1414,2811
56054,Vallerano,1245,1271,2516
56055,Vasanello,1952,2018,3970
56056,Vejano,1105,1115,2220
56057,Vetralla,6820,7110,13930
56058,Vignanello,2193,2240,4433
56059,Viterbo,32698,34686,67384
56060,Vitorchiano,2605,2689,5294
